2023-09-16 00:33:15 10/1000: mse=0.22113, angle_error=2.01e-03, t_error=5.017e-01,lr=9.95e-03, alpha=6.07e-01,
R,t=[[ 0.05343982 -0.8584104   0.5101721   0.051598  ]
 [ 0.99855936  0.04841232 -0.02313962  0.12683739]
 [-0.00483533  0.51067376  0.859761   -0.00301818]]
ref=[[ 0.05433223 -0.85746783  0.5116609  -0.45007837]
 [ 0.99851084  0.04917696 -0.02361653  0.12704276]
 [-0.00491151  0.51218206  0.8588629  -0.00106776]]
2023-09-16 00:33:55 20/1000: mse=0.21425, angle_error=6.50e-03, t_error=5.051e-01,lr=9.90e-03, alpha=6.14e-01,
2023-09-16 00:33:57 30/1000: mse=0.21740, angle_error=7.99e-03, t_error=5.048e-01,lr=9.85e-03, alpha=6.21e-01,
2023-09-16 00:33:59 40/1000: mse=0.21882, angle_error=8.50e-03, t_error=5.037e-01,lr=9.80e-03, alpha=6.28e-01,
2023-09-16 00:34:01 50/1000: mse=0.21746, angle_error=5.05e-03, t_error=5.021e-01,lr=9.75e-03, alpha=6.35e-01,
2023-09-16 00:34:03 60/1000: mse=0.22076, angle_error=1.95e-03, t_error=5.005e-01,lr=9.70e-03, alpha=6.42e-01,
2023-09-16 00:34:05 70/1000: mse=0.21933, angle_error=1.62e-03, t_error=5.002e-01,lr=9.65e-03, alpha=6.49e-01,
2023-09-16 00:34:07 80/1000: mse=0.22405, angle_error=4.88e-03, t_error=5.012e-01,lr=9.60e-03, alpha=6.56e-01,
2023-09-16 00:34:09 90/1000: mse=0.22244, angle_error=9.07e-03, t_error=5.022e-01,lr=9.55e-03, alpha=6.63e-01,
2023-09-16 00:34:10 100/1000: mse=0.20212, angle_error=1.57e-02, t_error=5.062e-01,lr=9.50e-03, alpha=6.70e-01,
R,t=[[ 0.04062398 -0.8618415   0.5055477   0.0559563 ]
 [ 0.99917     0.0365222  -0.01802786  0.12267755]
 [-0.00292675  0.5058607   0.8626102  -0.01363988]]
ref=[[ 0.05433223 -0.85746783  0.5116609  -0.45007837]
 [ 0.99851084  0.04917696 -0.02361653  0.12704276]
 [-0.00491151  0.51218206  0.8588629  -0.00106776]]
2023-09-16 00:34:41 110/1000: mse=0.20497, angle_error=2.46e-02, t_error=5.108e-01,lr=9.45e-03, alpha=6.77e-01,
2023-09-16 00:34:43 120/1000: mse=0.18980, angle_error=3.91e-02, t_error=5.171e-01,lr=9.41e-03, alpha=6.84e-01,
2023-09-16 00:34:45 130/1000: mse=0.16652, angle_error=5.64e-02, t_error=5.253e-01,lr=9.36e-03, alpha=6.91e-01,
2023-09-16 00:34:47 140/1000: mse=0.11546, angle_error=9.53e-02, t_error=5.451e-01,lr=9.31e-03, alpha=6.98e-01,
2023-09-16 00:34:49 150/1000: mse=0.11626, angle_error=1.36e-01, t_error=5.717e-01,lr=9.26e-03, alpha=7.05e-01,
2023-09-16 00:34:50 160/1000: mse=0.11442, angle_error=1.44e-01, t_error=5.936e-01,lr=9.22e-03, alpha=7.12e-01,
2023-09-16 00:34:52 170/1000: mse=0.10290, angle_error=1.31e-01, t_error=6.046e-01,lr=9.17e-03, alpha=7.19e-01,
2023-09-16 00:34:54 180/1000: mse=0.10089, angle_error=1.30e-01, t_error=6.163e-01,lr=9.12e-03, alpha=7.26e-01,
2023-09-16 00:34:56 190/1000: mse=0.10394, angle_error=1.31e-01, t_error=6.208e-01,lr=9.08e-03, alpha=7.33e-01,
2023-09-16 00:34:58 200/1000: mse=0.08905, angle_error=1.05e-01, t_error=6.009e-01,lr=9.03e-03, alpha=7.40e-01,
R,t=[[-0.01522192 -0.8899549   0.45558646  0.14323348]
 [ 0.99879855  0.00692879  0.04702644  0.03436972]
 [-0.04510581  0.45585755  0.88884205 -0.02335272]]
ref=[[ 0.05433223 -0.85746783  0.5116609  -0.45007837]
 [ 0.99851084  0.04917696 -0.02361653  0.12704276]
 [-0.00491151  0.51218206  0.8588629  -0.00106776]]
2023-09-16 00:35:29 210/1000: mse=0.09647, angle_error=9.33e-02, t_error=5.924e-01,lr=8.98e-03, alpha=7.47e-01,
2023-09-16 00:35:31 220/1000: mse=0.09478, angle_error=8.54e-02, t_error=5.938e-01,lr=8.94e-03, alpha=7.54e-01,
2023-09-16 00:35:33 230/1000: mse=0.08699, angle_error=8.20e-02, t_error=5.986e-01,lr=8.89e-03, alpha=7.61e-01,
2023-09-16 00:35:34 240/1000: mse=0.08625, angle_error=8.60e-02, t_error=6.163e-01,lr=8.85e-03, alpha=7.68e-01,
2023-09-16 00:35:36 250/1000: mse=0.08463, angle_error=7.41e-02, t_error=6.122e-01,lr=8.80e-03, alpha=7.75e-01,
2023-09-16 00:35:38 260/1000: mse=0.08280, angle_error=7.25e-02, t_error=6.124e-01,lr=8.76e-03, alpha=7.82e-01,
2023-09-16 00:35:40 270/1000: mse=0.07912, angle_error=7.90e-02, t_error=6.227e-01,lr=8.71e-03, alpha=7.89e-01,
2023-09-16 00:35:42 280/1000: mse=0.08436, angle_error=8.13e-02, t_error=6.303e-01,lr=8.67e-03, alpha=7.96e-01,
2023-09-16 00:35:44 290/1000: mse=0.07900, angle_error=7.45e-02, t_error=6.356e-01,lr=8.62e-03, alpha=8.03e-01,
2023-09-16 00:35:46 300/1000: mse=0.07911, angle_error=6.71e-02, t_error=6.372e-01,lr=8.58e-03, alpha=8.10e-01,
R,t=[[ 0.02480862 -0.8765642   0.4805923   0.17123793]
 [ 0.9983927   0.04586383  0.03219416 -0.01027729]
 [-0.05028899  0.47905922  0.8762953   0.03180809]]
ref=[[ 0.05433223 -0.85746783  0.5116609  -0.45007837]
 [ 0.99851084  0.04917696 -0.02361653  0.12704276]
 [-0.00491151  0.51218206  0.8588629  -0.00106776]]
2023-09-16 00:36:16 310/1000: mse=0.07916, angle_error=5.69e-02, t_error=6.253e-01,lr=8.54e-03, alpha=8.17e-01,
2023-09-16 00:36:18 320/1000: mse=0.07633, angle_error=5.89e-02, t_error=6.255e-01,lr=8.49e-03, alpha=8.24e-01,
2023-09-16 00:36:20 330/1000: mse=0.08008, angle_error=5.70e-02, t_error=6.264e-01,lr=8.45e-03, alpha=8.31e-01,
2023-09-16 00:36:22 340/1000: mse=0.07958, angle_error=5.42e-02, t_error=6.273e-01,lr=8.41e-03, alpha=8.38e-01,
2023-09-16 00:36:24 350/1000: mse=0.07409, angle_error=5.27e-02, t_error=6.343e-01,lr=8.36e-03, alpha=8.45e-01,
2023-09-16 00:36:26 360/1000: mse=0.07503, angle_error=5.06e-02, t_error=6.497e-01,lr=8.32e-03, alpha=8.52e-01,
2023-09-16 00:36:28 370/1000: mse=0.07005, angle_error=4.64e-02, t_error=6.559e-01,lr=8.28e-03, alpha=8.59e-01,
2023-09-16 00:36:30 380/1000: mse=0.07320, angle_error=4.78e-02, t_error=6.709e-01,lr=8.24e-03, alpha=8.66e-01,
2023-09-16 00:36:31 390/1000: mse=0.07410, angle_error=5.37e-02, t_error=6.854e-01,lr=8.19e-03, alpha=8.73e-01,
2023-09-16 00:36:33 400/1000: mse=0.07338, angle_error=5.33e-02, t_error=6.904e-01,lr=8.15e-03, alpha=8.80e-01,
R,t=[[ 0.05116987 -0.8727689   0.48541456  0.21022886]
 [ 0.99760514  0.06700755  0.01539873 -0.06390016]
 [-0.04596996  0.48346865  0.87410533  0.06379371]]
ref=[[ 0.05433223 -0.85746783  0.5116609  -0.45007837]
 [ 0.99851084  0.04917696 -0.02361653  0.12704276]
 [-0.00491151  0.51218206  0.8588629  -0.00106776]]
2023-09-16 00:37:04 410/1000: mse=0.07214, angle_error=4.11e-02, t_error=6.783e-01,lr=8.11e-03, alpha=8.87e-01,
2023-09-16 00:37:06 420/1000: mse=0.07243, angle_error=3.99e-02, t_error=6.857e-01,lr=8.07e-03, alpha=8.94e-01,
2023-09-16 00:37:08 430/1000: mse=0.07128, angle_error=3.53e-02, t_error=6.878e-01,lr=8.03e-03, alpha=9.01e-01,
2023-09-16 00:37:10 440/1000: mse=0.06687, angle_error=2.81e-02, t_error=6.922e-01,lr=7.99e-03, alpha=9.08e-01,
2023-09-16 00:37:12 450/1000: mse=0.06905, angle_error=2.81e-02, t_error=6.910e-01,lr=7.95e-03, alpha=9.15e-01,
2023-09-16 00:37:14 460/1000: mse=0.07186, angle_error=2.93e-02, t_error=6.932e-01,lr=7.91e-03, alpha=9.22e-01,
2023-09-16 00:37:15 470/1000: mse=0.07430, angle_error=3.54e-02, t_error=7.224e-01,lr=7.87e-03, alpha=9.29e-01,
2023-09-16 00:37:17 480/1000: mse=0.06837, angle_error=3.00e-02, t_error=7.264e-01,lr=7.83e-03, alpha=9.36e-01,
2023-09-16 00:37:19 490/1000: mse=0.06888, angle_error=2.72e-02, t_error=7.350e-01,lr=7.79e-03, alpha=9.43e-01,
2023-09-16 00:37:21 500/1000: mse=0.07104, angle_error=2.36e-02, t_error=7.325e-01,lr=7.75e-03, alpha=9.50e-01,
R,t=[[ 0.05317578 -0.86709213  0.4952884   0.24200627]
 [ 0.99843514  0.05467825 -0.01145297 -0.09403661]
 [-0.01715168  0.4951229   0.8686427   0.09187678]]
ref=[[ 0.05433223 -0.85746783  0.5116609  -0.45007837]
 [ 0.99851084  0.04917696 -0.02361653  0.12704276]
 [-0.00491151  0.51218206  0.8588629  -0.00106776]]
2023-09-16 00:37:52 510/1000: mse=0.06806, angle_error=2.84e-02, t_error=7.456e-01,lr=7.71e-03, alpha=9.57e-01,
2023-09-16 00:37:54 520/1000: mse=0.06779, angle_error=2.34e-02, t_error=7.438e-01,lr=7.67e-03, alpha=9.64e-01,
2023-09-16 00:37:56 530/1000: mse=0.07507, angle_error=1.81e-02, t_error=7.343e-01,lr=7.63e-03, alpha=9.71e-01,
2023-09-16 00:37:57 540/1000: mse=0.07530, angle_error=2.37e-02, t_error=7.418e-01,lr=7.59e-03, alpha=9.78e-01,
2023-09-16 00:37:59 550/1000: mse=0.07325, angle_error=1.99e-02, t_error=7.420e-01,lr=7.55e-03, alpha=9.85e-01,
2023-09-16 00:38:01 560/1000: mse=0.06536, angle_error=2.10e-02, t_error=7.529e-01,lr=7.51e-03, alpha=9.92e-01,
2023-09-16 00:38:03 570/1000: mse=0.06777, angle_error=2.25e-02, t_error=7.531e-01,lr=7.47e-03, alpha=9.99e-01,
2023-09-16 00:38:05 580/1000: mse=0.07215, angle_error=1.82e-02, t_error=7.403e-01,lr=7.44e-03, alpha=1.00e+00,
2023-09-16 00:38:07 590/1000: mse=0.06926, angle_error=1.94e-02, t_error=7.419e-01,lr=7.40e-03, alpha=1.00e+00,
2023-09-16 00:38:09 600/1000: mse=0.06793, angle_error=2.29e-02, t_error=7.534e-01,lr=7.36e-03, alpha=1.00e+00,
R,t=[[ 0.04912182 -0.86819845  0.49376062  0.25987267]
 [ 0.9987386   0.04778793 -0.01532108 -0.1040009 ]
 [-0.01029871  0.49389192  0.86945117  0.09990371]]
ref=[[ 0.05433223 -0.85746783  0.5116609  -0.45007837]
 [ 0.99851084  0.04917696 -0.02361653  0.12704276]
 [-0.00491151  0.51218206  0.8588629  -0.00106776]]
2023-09-16 00:38:39 610/1000: mse=0.06917, angle_error=2.35e-02, t_error=7.559e-01,lr=7.32e-03, alpha=1.00e+00,
2023-09-16 00:38:41 620/1000: mse=0.07119, angle_error=2.04e-02, t_error=7.510e-01,lr=7.29e-03, alpha=1.00e+00,
2023-09-16 00:38:43 630/1000: mse=0.07209, angle_error=1.74e-02, t_error=7.519e-01,lr=7.25e-03, alpha=1.00e+00,
2023-09-16 00:38:45 640/1000: mse=0.07315, angle_error=1.47e-02, t_error=7.495e-01,lr=7.21e-03, alpha=1.00e+00,
2023-09-16 00:38:47 650/1000: mse=0.07437, angle_error=2.41e-02, t_error=7.591e-01,lr=7.17e-03, alpha=1.00e+00,
2023-09-16 00:38:49 660/1000: mse=0.07553, angle_error=3.21e-02, t_error=7.847e-01,lr=7.14e-03, alpha=1.00e+00,
2023-09-16 00:38:51 670/1000: mse=0.08533, angle_error=3.10e-02, t_error=8.022e-01,lr=7.10e-03, alpha=1.00e+00,
2023-09-16 00:38:53 680/1000: mse=0.07435, angle_error=1.35e-02, t_error=7.975e-01,lr=7.07e-03, alpha=1.00e+00,
2023-09-16 00:38:55 690/1000: mse=0.07260, angle_error=1.42e-02, t_error=7.946e-01,lr=7.03e-03, alpha=1.00e+00,
2023-09-16 00:38:56 700/1000: mse=0.07184, angle_error=1.43e-02, t_error=7.897e-01,lr=6.99e-03, alpha=1.00e+00,
R,t=[[ 0.06048593 -0.8598679   0.5069175   0.283235  ]
 [ 0.99803746  0.06021816 -0.01693481 -0.12684152]
 [-0.01596215  0.5069451   0.8618261   0.14523478]]
ref=[[ 0.05433223 -0.85746783  0.5116609  -0.45007837]
 [ 0.99851084  0.04917696 -0.02361653  0.12704276]
 [-0.00491151  0.51218206  0.8588629  -0.00106776]]
2023-09-16 00:39:27 710/1000: mse=0.07152, angle_error=1.51e-02, t_error=7.924e-01,lr=6.96e-03, alpha=1.00e+00,
2023-09-16 00:39:29 720/1000: mse=0.07370, angle_error=1.84e-02, t_error=7.938e-01,lr=6.92e-03, alpha=1.00e+00,
2023-09-16 00:39:31 730/1000: mse=0.06930, angle_error=1.90e-02, t_error=7.897e-01,lr=6.89e-03, alpha=1.00e+00,
2023-09-16 00:39:33 740/1000: mse=0.07258, angle_error=1.33e-02, t_error=7.916e-01,lr=6.85e-03, alpha=1.00e+00,
2023-09-16 00:39:35 750/1000: mse=0.07645, angle_error=8.95e-03, t_error=7.756e-01,lr=6.82e-03, alpha=1.00e+00,
2023-09-16 00:39:37 760/1000: mse=0.07282, angle_error=5.44e-03, t_error=7.630e-01,lr=6.78e-03, alpha=1.00e+00,
2023-09-16 00:39:38 770/1000: mse=0.06549, angle_error=1.62e-02, t_error=7.625e-01,lr=6.75e-03, alpha=1.00e+00,
2023-09-16 00:39:40 780/1000: mse=0.06867, angle_error=1.21e-02, t_error=7.464e-01,lr=6.71e-03, alpha=1.00e+00,
2023-09-16 00:39:42 790/1000: mse=0.06705, angle_error=1.54e-02, t_error=7.389e-01,lr=6.68e-03, alpha=1.00e+00,
2023-09-16 00:39:44 800/1000: mse=0.06873, angle_error=1.96e-02, t_error=7.478e-01,lr=6.65e-03, alpha=1.00e+00,
R,t=[[ 0.04201685 -0.86513394  0.49976322  0.25424355]
 [ 0.9990801   0.04046517 -0.01394288 -0.10708413]
 [-0.00816785  0.49989402  0.8660431   0.09031022]]
ref=[[ 0.05433223 -0.85746783  0.5116609  -0.45007837]
 [ 0.99851084  0.04917696 -0.02361653  0.12704276]
 [-0.00491151  0.51218206  0.8588629  -0.00106776]]
2023-09-16 00:40:15 810/1000: mse=0.06471, angle_error=1.73e-02, t_error=7.428e-01,lr=6.61e-03, alpha=1.00e+00,
2023-09-16 00:40:17 820/1000: mse=0.06495, angle_error=1.28e-02, t_error=7.421e-01,lr=6.58e-03, alpha=1.00e+00,
2023-09-16 00:40:19 830/1000: mse=0.07446, angle_error=7.11e-03, t_error=7.273e-01,lr=6.54e-03, alpha=1.00e+00,
2023-09-16 00:40:20 840/1000: mse=0.08288, angle_error=3.55e-03, t_error=7.175e-01,lr=6.51e-03, alpha=1.00e+00,
2023-09-16 00:40:22 850/1000: mse=0.06759, angle_error=1.13e-02, t_error=7.298e-01,lr=6.48e-03, alpha=1.00e+00,
2023-09-16 00:40:24 860/1000: mse=0.07307, angle_error=8.57e-03, t_error=7.184e-01,lr=6.44e-03, alpha=1.00e+00,
2023-09-16 00:40:26 870/1000: mse=0.07379, angle_error=1.24e-02, t_error=7.150e-01,lr=6.41e-03, alpha=1.00e+00,
2023-09-16 00:40:28 880/1000: mse=0.07023, angle_error=2.12e-02, t_error=7.226e-01,lr=6.38e-03, alpha=1.00e+00,
2023-09-16 00:40:30 890/1000: mse=0.07083, angle_error=2.79e-02, t_error=7.402e-01,lr=6.35e-03, alpha=1.00e+00,
2023-09-16 00:40:32 900/1000: mse=0.06796, angle_error=2.47e-02, t_error=7.424e-01,lr=6.31e-03, alpha=1.00e+00,
R,t=[[ 0.04492819 -0.8662689   0.4975408   0.25031134]
 [ 0.99880445  0.04841803 -0.00587463 -0.10334192]
 [-0.01900673  0.49721548  0.86740893  0.08555132]]
ref=[[ 0.05433223 -0.85746783  0.5116609  -0.45007837]
 [ 0.99851084  0.04917696 -0.02361653  0.12704276]
 [-0.00491151  0.51218206  0.8588629  -0.00106776]]
2023-09-16 00:41:02 910/1000: mse=0.06717, angle_error=2.20e-02, t_error=7.391e-01,lr=6.28e-03, alpha=1.00e+00,
2023-09-16 00:41:04 920/1000: mse=0.06820, angle_error=2.15e-02, t_error=7.375e-01,lr=6.25e-03, alpha=1.00e+00,
2023-09-16 00:41:06 930/1000: mse=0.06251, angle_error=1.96e-02, t_error=7.441e-01,lr=6.22e-03, alpha=1.00e+00,
2023-09-16 00:41:08 940/1000: mse=0.06485, angle_error=1.80e-02, t_error=7.441e-01,lr=6.19e-03, alpha=1.00e+00,
2023-09-16 00:41:10 950/1000: mse=0.07045, angle_error=2.30e-02, t_error=7.493e-01,lr=6.16e-03, alpha=1.00e+00,
2023-09-16 00:41:12 960/1000: mse=0.07222, angle_error=2.40e-02, t_error=7.526e-01,lr=6.12e-03, alpha=1.00e+00,
2023-09-16 00:41:14 970/1000: mse=0.06705, angle_error=2.28e-02, t_error=7.409e-01,lr=6.09e-03, alpha=1.00e+00,
2023-09-16 00:41:16 980/1000: mse=0.07147, angle_error=2.54e-02, t_error=7.438e-01,lr=6.06e-03, alpha=1.00e+00,
2023-09-16 00:41:18 990/1000: mse=0.07014, angle_error=2.61e-02, t_error=7.431e-01,lr=6.03e-03, alpha=1.00e+00,
2023-09-16 00:41:19 1000/1000: mse=0.06416, angle_error=2.01e-02, t_error=7.449e-01,lr=6.00e-03, alpha=1.00e+00,
R,t=[[ 0.03535511 -0.8601764   0.5087569   0.25161803]
 [ 0.99933136  0.03480894 -0.01059276 -0.10631774]
 [-0.00860028  0.50879955  0.86084145  0.08825323]]
ref=[[ 0.05433223 -0.85746783  0.5116609  -0.45007837]
 [ 0.99851084  0.04917696 -0.02361653  0.12704276]
 [-0.00491151  0.51218206  0.8588629  -0.00106776]]
