2023-09-15 23:57:00 10/1000: mse=0.22021, angle_error=0.00e+00, t_error=5.003e-01,lr=9.95e-03, alpha=6.07e-01,
R,t=[[ 0.05435716 -0.85752195  0.5115676   0.05023459]
 [ 0.99850994  0.04915673 -0.02369811  0.12713954]
 [-0.00482534  0.5120934   0.8589162  -0.00102026]]
ref=[[ 0.05433223 -0.85746783  0.5116609  -0.45007837]
 [ 0.99851084  0.04917696 -0.02361653  0.12704276]
 [-0.00491151  0.51218206  0.8588629  -0.00106776]]
2023-09-15 23:57:40 20/1000: mse=0.22232, angle_error=1.76e-03, t_error=5.032e-01,lr=9.90e-03, alpha=6.14e-01,
2023-09-15 23:57:42 30/1000: mse=0.21041, angle_error=9.06e-03, t_error=5.132e-01,lr=9.85e-03, alpha=6.21e-01,
2023-09-15 23:57:44 40/1000: mse=0.20546, angle_error=2.05e-02, t_error=5.260e-01,lr=9.80e-03, alpha=6.28e-01,
2023-09-15 23:57:46 50/1000: mse=0.17493, angle_error=3.87e-02, t_error=5.423e-01,lr=9.75e-03, alpha=6.35e-01,
2023-09-15 23:57:48 60/1000: mse=0.14095, angle_error=6.67e-02, t_error=5.632e-01,lr=9.70e-03, alpha=6.42e-01,
2023-09-15 23:57:49 70/1000: mse=0.09767, angle_error=1.02e-01, t_error=5.851e-01,lr=9.65e-03, alpha=6.49e-01,
2023-09-15 23:57:51 80/1000: mse=0.10039, angle_error=1.18e-01, t_error=5.987e-01,lr=9.60e-03, alpha=6.56e-01,
2023-09-15 23:57:53 90/1000: mse=0.10300, angle_error=1.12e-01, t_error=6.074e-01,lr=9.55e-03, alpha=6.63e-01,
2023-09-15 23:57:55 100/1000: mse=0.08838, angle_error=8.94e-02, t_error=6.052e-01,lr=9.50e-03, alpha=6.70e-01,
R,t=[[ 0.01096737 -0.8832826   0.46864054  0.14876364]
 [ 0.9979636   0.03876931  0.04981057  0.03942662]
 [-0.06220168  0.46718916  0.88191587 -0.0059278 ]]
ref=[[ 0.05433223 -0.85746783  0.5116609  -0.45007837]
 [ 0.99851084  0.04917696 -0.02361653  0.12704276]
 [-0.00491151  0.51218206  0.8588629  -0.00106776]]
2023-09-15 23:58:27 110/1000: mse=0.08707, angle_error=9.24e-02, t_error=6.129e-01,lr=9.45e-03, alpha=6.77e-01,
2023-09-15 23:58:29 120/1000: mse=0.08845, angle_error=1.04e-01, t_error=6.258e-01,lr=9.41e-03, alpha=6.84e-01,
2023-09-15 23:58:30 130/1000: mse=0.08365, angle_error=9.72e-02, t_error=6.321e-01,lr=9.36e-03, alpha=6.91e-01,
2023-09-15 23:58:32 140/1000: mse=0.08115, angle_error=9.19e-02, t_error=6.353e-01,lr=9.31e-03, alpha=6.98e-01,
2023-09-15 23:58:34 150/1000: mse=0.08252, angle_error=8.38e-02, t_error=6.313e-01,lr=9.26e-03, alpha=7.05e-01,
2023-09-15 23:58:36 160/1000: mse=0.07852, angle_error=9.01e-02, t_error=6.386e-01,lr=9.22e-03, alpha=7.12e-01,
2023-09-15 23:58:38 170/1000: mse=0.08466, angle_error=8.59e-02, t_error=6.380e-01,lr=9.17e-03, alpha=7.19e-01,
2023-09-15 23:58:40 180/1000: mse=0.08321, angle_error=8.03e-02, t_error=6.309e-01,lr=9.12e-03, alpha=7.26e-01,
2023-09-15 23:58:42 190/1000: mse=0.08666, angle_error=7.58e-02, t_error=6.222e-01,lr=9.08e-03, alpha=7.33e-01,
2023-09-15 23:58:44 200/1000: mse=0.08001, angle_error=7.61e-02, t_error=6.194e-01,lr=9.03e-03, alpha=7.40e-01,
R,t=[[ 0.0357656  -0.8749167   0.4829291   0.157127  ]
 [ 0.9969888   0.06425839  0.04264269  0.00889332]
 [-0.06835138  0.4799679   0.874576    0.02991199]]
ref=[[ 0.05433223 -0.85746783  0.5116609  -0.45007837]
 [ 0.99851084  0.04917696 -0.02361653  0.12704276]
 [-0.00491151  0.51218206  0.8588629  -0.00106776]]
2023-09-15 23:59:15 210/1000: mse=0.08112, angle_error=8.21e-02, t_error=6.273e-01,lr=8.98e-03, alpha=7.47e-01,
2023-09-15 23:59:17 220/1000: mse=0.07702, angle_error=7.66e-02, t_error=6.355e-01,lr=8.94e-03, alpha=7.54e-01,
2023-09-15 23:59:19 230/1000: mse=0.07672, angle_error=7.26e-02, t_error=6.461e-01,lr=8.89e-03, alpha=7.61e-01,
2023-09-15 23:59:21 240/1000: mse=0.07379, angle_error=6.85e-02, t_error=6.475e-01,lr=8.85e-03, alpha=7.68e-01,
2023-09-15 23:59:23 250/1000: mse=0.07830, angle_error=6.20e-02, t_error=6.438e-01,lr=8.80e-03, alpha=7.75e-01,
2023-09-15 23:59:25 260/1000: mse=0.07945, angle_error=6.49e-02, t_error=6.497e-01,lr=8.76e-03, alpha=7.82e-01,
2023-09-15 23:59:27 270/1000: mse=0.08192, angle_error=8.02e-02, t_error=6.750e-01,lr=8.71e-03, alpha=7.89e-01,
2023-09-15 23:59:28 280/1000: mse=0.07559, angle_error=7.61e-02, t_error=6.896e-01,lr=8.67e-03, alpha=7.96e-01,
2023-09-15 23:59:30 290/1000: mse=0.07331, angle_error=6.22e-02, t_error=6.840e-01,lr=8.62e-03, alpha=8.03e-01,
2023-09-15 23:59:32 300/1000: mse=0.07910, angle_error=6.31e-02, t_error=6.840e-01,lr=8.58e-03, alpha=8.10e-01,
R,t=[[ 0.05387951 -0.8750424   0.48101133  0.21091706]
 [ 0.997037    0.0733735   0.02187626 -0.03177679]
 [-0.05443734  0.47840875  0.87640226  0.07463934]]
ref=[[ 0.05433223 -0.85746783  0.5116609  -0.45007837]
 [ 0.99851084  0.04917696 -0.02361653  0.12704276]
 [-0.00491151  0.51218206  0.8588629  -0.00106776]]
2023-09-16 00:00:04 310/1000: mse=0.07505, angle_error=6.56e-02, t_error=6.795e-01,lr=8.54e-03, alpha=8.17e-01,
2023-09-16 00:00:05 320/1000: mse=0.07590, angle_error=7.45e-02, t_error=6.997e-01,lr=8.49e-03, alpha=8.24e-01,
2023-09-16 00:00:07 330/1000: mse=0.07414, angle_error=6.86e-02, t_error=7.044e-01,lr=8.45e-03, alpha=8.31e-01,
2023-09-16 00:00:09 340/1000: mse=0.07278, angle_error=5.77e-02, t_error=7.079e-01,lr=8.41e-03, alpha=8.38e-01,
2023-09-16 00:00:11 350/1000: mse=0.07484, angle_error=5.42e-02, t_error=7.106e-01,lr=8.36e-03, alpha=8.45e-01,
2023-09-16 00:00:13 360/1000: mse=0.06717, angle_error=6.02e-02, t_error=7.016e-01,lr=8.32e-03, alpha=8.52e-01,
2023-09-16 00:00:15 370/1000: mse=0.07349, angle_error=5.94e-02, t_error=7.003e-01,lr=8.28e-03, alpha=8.59e-01,
2023-09-16 00:00:17 380/1000: mse=0.07564, angle_error=5.17e-02, t_error=6.879e-01,lr=8.24e-03, alpha=8.66e-01,
2023-09-16 00:00:19 390/1000: mse=0.07513, angle_error=5.86e-02, t_error=7.003e-01,lr=8.19e-03, alpha=8.73e-01,
2023-09-16 00:00:21 400/1000: mse=0.07810, angle_error=6.77e-02, t_error=7.317e-01,lr=8.15e-03, alpha=8.80e-01,
R,t=[[ 0.04410703 -0.8719158   0.4876424   0.24661382]
 [ 0.99697846  0.06928154  0.03378545 -0.07515816]
 [-0.06325134  0.48469436  0.87233144  0.09405321]]
ref=[[ 0.05433223 -0.85746783  0.5116609  -0.45007837]
 [ 0.99851084  0.04917696 -0.02361653  0.12704276]
 [-0.00491151  0.51218206  0.8588629  -0.00106776]]
2023-09-16 00:00:53 410/1000: mse=0.06951, angle_error=5.42e-02, t_error=7.264e-01,lr=8.11e-03, alpha=8.87e-01,
2023-09-16 00:00:55 420/1000: mse=0.07669, angle_error=4.33e-02, t_error=7.201e-01,lr=8.07e-03, alpha=8.94e-01,
2023-09-16 00:00:57 430/1000: mse=0.06829, angle_error=4.66e-02, t_error=7.364e-01,lr=8.03e-03, alpha=9.01e-01,
2023-09-16 00:00:59 440/1000: mse=0.06915, angle_error=4.57e-02, t_error=7.400e-01,lr=7.99e-03, alpha=9.08e-01,
2023-09-16 00:01:01 450/1000: mse=0.06960, angle_error=3.89e-02, t_error=7.354e-01,lr=7.95e-03, alpha=9.15e-01,
2023-09-16 00:01:03 460/1000: mse=0.06725, angle_error=4.52e-02, t_error=7.383e-01,lr=7.91e-03, alpha=9.22e-01,
2023-09-16 00:01:05 470/1000: mse=0.07926, angle_error=5.92e-02, t_error=7.673e-01,lr=7.87e-03, alpha=9.29e-01,
2023-09-16 00:01:07 480/1000: mse=0.07344, angle_error=5.87e-02, t_error=7.686e-01,lr=7.83e-03, alpha=9.36e-01,
2023-09-16 00:01:09 490/1000: mse=0.07817, angle_error=5.68e-02, t_error=7.703e-01,lr=7.79e-03, alpha=9.43e-01,
2023-09-16 00:01:11 500/1000: mse=0.08211, angle_error=4.32e-02, t_error=7.257e-01,lr=7.75e-03, alpha=9.50e-01,
R,t=[[ 0.07595782 -0.86386913  0.4979398   0.24535164]
 [ 0.9963936   0.08445559 -0.00544853 -0.05796939]
 [-0.03733833  0.49654937  0.86718655  0.09274513]]
ref=[[ 0.05433223 -0.85746783  0.5116609  -0.45007837]
 [ 0.99851084  0.04917696 -0.02361653  0.12704276]
 [-0.00491151  0.51218206  0.8588629  -0.00106776]]
2023-09-16 00:01:42 510/1000: mse=0.07811, angle_error=4.19e-02, t_error=7.161e-01,lr=7.71e-03, alpha=9.57e-01,
2023-09-16 00:01:44 520/1000: mse=0.07316, angle_error=5.17e-02, t_error=7.358e-01,lr=7.67e-03, alpha=9.64e-01,
2023-09-16 00:01:46 530/1000: mse=0.06792, angle_error=4.79e-02, t_error=7.285e-01,lr=7.63e-03, alpha=9.71e-01,
2023-09-16 00:01:48 540/1000: mse=0.07160, angle_error=3.93e-02, t_error=7.241e-01,lr=7.59e-03, alpha=9.78e-01,
2023-09-16 00:01:50 550/1000: mse=0.07558, angle_error=3.68e-02, t_error=7.283e-01,lr=7.55e-03, alpha=9.85e-01,
2023-09-16 00:01:52 560/1000: mse=0.08189, angle_error=5.02e-02, t_error=7.596e-01,lr=7.51e-03, alpha=9.92e-01,
2023-09-16 00:01:54 570/1000: mse=0.07563, angle_error=5.05e-02, t_error=7.488e-01,lr=7.47e-03, alpha=9.99e-01,
2023-09-16 00:01:56 580/1000: mse=0.08039, angle_error=4.08e-02, t_error=7.163e-01,lr=7.44e-03, alpha=1.00e+00,
2023-09-16 00:01:57 590/1000: mse=0.06892, angle_error=4.69e-02, t_error=7.298e-01,lr=7.40e-03, alpha=1.00e+00,
2023-09-16 00:01:59 600/1000: mse=0.07156, angle_error=5.72e-02, t_error=7.478e-01,lr=7.36e-03, alpha=1.00e+00,
R,t=[[ 0.06230339 -0.8590094   0.50815237  0.25771183]
 [ 0.99619406  0.08424681  0.020287   -0.09605648]
 [-0.06023539  0.50494474  0.8609967   0.09062306]]
ref=[[ 0.05433223 -0.85746783  0.5116609  -0.45007837]
 [ 0.99851084  0.04917696 -0.02361653  0.12704276]
 [-0.00491151  0.51218206  0.8588629  -0.00106776]]
2023-09-16 00:02:31 610/1000: mse=0.06779, angle_error=4.94e-02, t_error=7.462e-01,lr=7.32e-03, alpha=1.00e+00,
2023-09-16 00:02:33 620/1000: mse=0.07104, angle_error=3.72e-02, t_error=7.381e-01,lr=7.29e-03, alpha=1.00e+00,
2023-09-16 00:02:35 630/1000: mse=0.07202, angle_error=4.02e-02, t_error=7.529e-01,lr=7.25e-03, alpha=1.00e+00,
2023-09-16 00:02:37 640/1000: mse=0.07124, angle_error=4.28e-02, t_error=7.508e-01,lr=7.21e-03, alpha=1.00e+00,
2023-09-16 00:02:38 650/1000: mse=0.06997, angle_error=4.04e-02, t_error=7.504e-01,lr=7.17e-03, alpha=1.00e+00,
2023-09-16 00:02:40 660/1000: mse=0.07096, angle_error=4.56e-02, t_error=7.664e-01,lr=7.14e-03, alpha=1.00e+00,
2023-09-16 00:02:42 670/1000: mse=0.06740, angle_error=4.23e-02, t_error=7.483e-01,lr=7.10e-03, alpha=1.00e+00,
2023-09-16 00:02:44 680/1000: mse=0.06860, angle_error=3.65e-02, t_error=7.335e-01,lr=7.07e-03, alpha=1.00e+00,
2023-09-16 00:02:46 690/1000: mse=0.06942, angle_error=3.45e-02, t_error=7.319e-01,lr=7.03e-03, alpha=1.00e+00,
2023-09-16 00:02:48 700/1000: mse=0.07270, angle_error=3.18e-02, t_error=7.282e-01,lr=6.99e-03, alpha=1.00e+00,
R,t=[[ 0.05535457 -0.8677684   0.49386573  0.24645904]
 [ 0.9980832   0.0616774  -0.00347207 -0.06909099]
 [-0.02744703  0.4931109   0.8695195   0.08039077]]
ref=[[ 0.05433223 -0.85746783  0.5116609  -0.45007837]
 [ 0.99851084  0.04917696 -0.02361653  0.12704276]
 [-0.00491151  0.51218206  0.8588629  -0.00106776]]
2023-09-16 00:03:19 710/1000: mse=0.07434, angle_error=3.20e-02, t_error=7.265e-01,lr=6.96e-03, alpha=1.00e+00,
2023-09-16 00:03:21 720/1000: mse=0.06941, angle_error=3.38e-02, t_error=7.248e-01,lr=6.92e-03, alpha=1.00e+00,
2023-09-16 00:03:23 730/1000: mse=0.07139, angle_error=3.25e-02, t_error=7.250e-01,lr=6.89e-03, alpha=1.00e+00,
2023-09-16 00:03:25 740/1000: mse=0.07262, angle_error=3.36e-02, t_error=7.376e-01,lr=6.85e-03, alpha=1.00e+00,
2023-09-16 00:03:27 750/1000: mse=0.07402, angle_error=3.69e-02, t_error=7.553e-01,lr=6.82e-03, alpha=1.00e+00,
2023-09-16 00:03:29 760/1000: mse=0.08582, angle_error=3.63e-02, t_error=7.772e-01,lr=6.78e-03, alpha=1.00e+00,
2023-09-16 00:03:30 770/1000: mse=0.06841, angle_error=2.18e-02, t_error=7.580e-01,lr=6.75e-03, alpha=1.00e+00,
2023-09-16 00:03:32 780/1000: mse=0.07210, angle_error=2.40e-02, t_error=7.701e-01,lr=6.71e-03, alpha=1.00e+00,
2023-09-16 00:03:34 790/1000: mse=0.07284, angle_error=2.31e-02, t_error=7.686e-01,lr=6.68e-03, alpha=1.00e+00,
2023-09-16 00:03:36 800/1000: mse=0.07336, angle_error=2.23e-02, t_error=7.499e-01,lr=6.65e-03, alpha=1.00e+00,
R,t=[[ 0.0683726  -0.8605314   0.5047806   0.25942382]
 [ 0.99746245  0.06887423 -0.01768553 -0.09566967]
 [-0.01954404  0.5047066   0.8630648   0.09542514]]
ref=[[ 0.05433223 -0.85746783  0.5116609  -0.45007837]
 [ 0.99851084  0.04917696 -0.02361653  0.12704276]
 [-0.00491151  0.51218206  0.8588629  -0.00106776]]
2023-09-16 00:04:07 810/1000: mse=0.06887, angle_error=2.28e-02, t_error=7.489e-01,lr=6.61e-03, alpha=1.00e+00,
2023-09-16 00:04:09 820/1000: mse=0.07582, angle_error=1.68e-02, t_error=7.413e-01,lr=6.58e-03, alpha=1.00e+00,
2023-09-16 00:04:11 830/1000: mse=0.07985, angle_error=1.72e-02, t_error=7.234e-01,lr=6.54e-03, alpha=1.00e+00,
2023-09-16 00:04:13 840/1000: mse=0.07584, angle_error=2.06e-02, t_error=7.333e-01,lr=6.51e-03, alpha=1.00e+00,
2023-09-16 00:04:15 850/1000: mse=0.07189, angle_error=1.26e-02, t_error=7.346e-01,lr=6.48e-03, alpha=1.00e+00,
2023-09-16 00:04:16 860/1000: mse=0.07025, angle_error=8.49e-03, t_error=7.388e-01,lr=6.44e-03, alpha=1.00e+00,
2023-09-16 00:04:18 870/1000: mse=0.06679, angle_error=1.38e-02, t_error=7.567e-01,lr=6.41e-03, alpha=1.00e+00,
2023-09-16 00:04:20 880/1000: mse=0.06620, angle_error=1.18e-02, t_error=7.601e-01,lr=6.38e-03, alpha=1.00e+00,
2023-09-16 00:04:22 890/1000: mse=0.07161, angle_error=1.00e-02, t_error=7.572e-01,lr=6.35e-03, alpha=1.00e+00,
2023-09-16 00:04:24 900/1000: mse=0.07340, angle_error=1.70e-02, t_error=7.723e-01,lr=6.31e-03, alpha=1.00e+00,
R,t=[[ 0.04728444 -0.86353725  0.50205773  0.27508736]
 [ 0.9987757   0.0481064  -0.01131605 -0.12189332]
 [-0.01438302  0.5019807   0.8647551   0.09191052]]
ref=[[ 0.05433223 -0.85746783  0.5116609  -0.45007837]
 [ 0.99851084  0.04917696 -0.02361653  0.12704276]
 [-0.00491151  0.51218206  0.8588629  -0.00106776]]
2023-09-16 00:04:55 910/1000: mse=0.07231, angle_error=1.52e-02, t_error=7.689e-01,lr=6.28e-03, alpha=1.00e+00,
2023-09-16 00:04:57 920/1000: mse=0.06861, angle_error=1.03e-02, t_error=7.522e-01,lr=6.25e-03, alpha=1.00e+00,
2023-09-16 00:04:59 930/1000: mse=0.06621, angle_error=6.35e-03, t_error=7.581e-01,lr=6.22e-03, alpha=1.00e+00,
2023-09-16 00:05:00 940/1000: mse=0.07021, angle_error=9.52e-03, t_error=7.625e-01,lr=6.19e-03, alpha=1.00e+00,
2023-09-16 00:05:02 950/1000: mse=0.06506, angle_error=6.44e-03, t_error=7.559e-01,lr=6.16e-03, alpha=1.00e+00,
2023-09-16 00:05:04 960/1000: mse=0.06960, angle_error=6.25e-03, t_error=7.630e-01,lr=6.12e-03, alpha=1.00e+00,
2023-09-16 00:05:06 970/1000: mse=0.06727, angle_error=1.13e-02, t_error=7.818e-01,lr=6.09e-03, alpha=1.00e+00,
2023-09-16 00:05:08 980/1000: mse=0.06944, angle_error=1.24e-02, t_error=7.837e-01,lr=6.06e-03, alpha=1.00e+00,
2023-09-16 00:05:10 990/1000: mse=0.06759, angle_error=7.49e-03, t_error=7.825e-01,lr=6.03e-03, alpha=1.00e+00,
2023-09-16 00:05:12 1000/1000: mse=0.06890, angle_error=5.44e-03, t_error=7.964e-01,lr=6.00e-03, alpha=1.00e+00,
R,t=[[ 5.6587819e-02 -8.5788041e-01  5.1072383e-01  2.9378599e-01]
 [ 9.9839711e-01  4.8695184e-02 -2.8827032e-02 -1.3574496e-01]
 [-1.3957871e-04  5.1153684e-01  8.5926086e-01  1.0750598e-01]]
ref=[[ 0.05433223 -0.85746783  0.5116609  -0.45007837]
 [ 0.99851084  0.04917696 -0.02361653  0.12704276]
 [-0.00491151  0.51218206  0.8588629  -0.00106776]]
