2023-09-16 00:06:06 10/1000: mse=0.21534, angle_error=4.37e-03, t_error=5.037e-01,lr=9.95e-03, alpha=6.07e-01,
R,t=[[ 0.05595119 -0.8592916   0.5084166   0.05366374]
 [ 0.99842894  0.04970049 -0.02587656  0.12909518]
 [-0.00303304  0.50906557  0.8607224  -0.00224951]]
ref=[[ 0.05433223 -0.85746783  0.5116609  -0.45007837]
 [ 0.99851084  0.04917696 -0.02361653  0.12704276]
 [-0.00491151  0.51218206  0.8588629  -0.00106776]]
2023-09-16 00:06:46 20/1000: mse=0.21401, angle_error=7.13e-03, t_error=5.048e-01,lr=9.90e-03, alpha=6.14e-01,
2023-09-16 00:06:48 30/1000: mse=0.21877, angle_error=1.32e-02, t_error=5.079e-01,lr=9.85e-03, alpha=6.21e-01,
2023-09-16 00:06:50 40/1000: mse=0.21090, angle_error=1.69e-02, t_error=5.112e-01,lr=9.80e-03, alpha=6.28e-01,
2023-09-16 00:06:52 50/1000: mse=0.21612, angle_error=1.68e-02, t_error=5.156e-01,lr=9.75e-03, alpha=6.35e-01,
2023-09-16 00:06:54 60/1000: mse=0.21210, angle_error=1.16e-02, t_error=5.129e-01,lr=9.70e-03, alpha=6.42e-01,
2023-09-16 00:06:56 70/1000: mse=0.20785, angle_error=1.50e-02, t_error=5.174e-01,lr=9.65e-03, alpha=6.49e-01,
2023-09-16 00:06:58 80/1000: mse=0.20193, angle_error=3.09e-02, t_error=5.367e-01,lr=9.60e-03, alpha=6.56e-01,
2023-09-16 00:07:00 90/1000: mse=0.17142, angle_error=4.95e-02, t_error=5.573e-01,lr=9.55e-03, alpha=6.63e-01,
2023-09-16 00:07:02 100/1000: mse=0.16412, angle_error=7.16e-02, t_error=5.807e-01,lr=9.50e-03, alpha=6.70e-01,
R,t=[[ 0.04719009 -0.8917848   0.44993198  0.12998298]
 [ 0.99886394  0.04509361 -0.01537722  0.12508082]
 [-0.00658163  0.4501469   0.89290017 -0.0286626 ]]
ref=[[ 0.05433223 -0.85746783  0.5116609  -0.45007837]
 [ 0.99851084  0.04917696 -0.02361653  0.12704276]
 [-0.00491151  0.51218206  0.8588629  -0.00106776]]
2023-09-16 00:07:33 110/1000: mse=0.15866, angle_error=8.51e-02, t_error=5.970e-01,lr=9.45e-03, alpha=6.77e-01,
2023-09-16 00:07:35 120/1000: mse=0.16109, angle_error=9.03e-02, t_error=6.025e-01,lr=9.41e-03, alpha=6.84e-01,
2023-09-16 00:07:37 130/1000: mse=0.15911, angle_error=9.57e-02, t_error=6.114e-01,lr=9.36e-03, alpha=6.91e-01,
2023-09-16 00:07:39 140/1000: mse=0.14842, angle_error=9.16e-02, t_error=6.053e-01,lr=9.31e-03, alpha=6.98e-01,
2023-09-16 00:07:41 150/1000: mse=0.14105, angle_error=9.47e-02, t_error=6.035e-01,lr=9.26e-03, alpha=7.05e-01,
2023-09-16 00:07:43 160/1000: mse=0.11804, angle_error=1.19e-01, t_error=6.173e-01,lr=9.22e-03, alpha=7.12e-01,
2023-09-16 00:07:44 170/1000: mse=0.10408, angle_error=1.20e-01, t_error=6.039e-01,lr=9.17e-03, alpha=7.19e-01,
2023-09-16 00:07:46 180/1000: mse=0.09798, angle_error=1.22e-01, t_error=5.897e-01,lr=9.12e-03, alpha=7.26e-01,
2023-09-16 00:07:48 190/1000: mse=0.10526, angle_error=1.39e-01, t_error=5.972e-01,lr=9.08e-03, alpha=7.33e-01,
2023-09-16 00:07:50 200/1000: mse=0.09203, angle_error=1.29e-01, t_error=5.962e-01,lr=9.03e-03, alpha=7.40e-01,
R,t=[[-0.02276072 -0.89236635  0.450566    0.14076148]
 [ 0.99665034  0.01460023  0.07941874  0.04713143]
 [-0.07752994  0.45097864  0.8890818  -0.00632442]]
ref=[[ 0.05433223 -0.85746783  0.5116609  -0.45007837]
 [ 0.99851084  0.04917696 -0.02361653  0.12704276]
 [-0.00491151  0.51218206  0.8588629  -0.00106776]]
2023-09-16 00:08:22 210/1000: mse=0.08878, angle_error=1.12e-01, t_error=5.961e-01,lr=8.98e-03, alpha=7.47e-01,
2023-09-16 00:08:24 220/1000: mse=0.08759, angle_error=1.15e-01, t_error=6.087e-01,lr=8.94e-03, alpha=7.54e-01,
2023-09-16 00:08:26 230/1000: mse=0.08910, angle_error=1.11e-01, t_error=6.123e-01,lr=8.89e-03, alpha=7.61e-01,
2023-09-16 00:08:28 240/1000: mse=0.08664, angle_error=1.12e-01, t_error=6.159e-01,lr=8.85e-03, alpha=7.68e-01,
2023-09-16 00:08:29 250/1000: mse=0.08260, angle_error=1.02e-01, t_error=6.140e-01,lr=8.80e-03, alpha=7.75e-01,
2023-09-16 00:08:31 260/1000: mse=0.09130, angle_error=9.26e-02, t_error=6.095e-01,lr=8.76e-03, alpha=7.82e-01,
2023-09-16 00:08:33 270/1000: mse=0.08629, angle_error=9.16e-02, t_error=6.129e-01,lr=8.71e-03, alpha=7.89e-01,
2023-09-16 00:08:35 280/1000: mse=0.08314, angle_error=9.22e-02, t_error=6.152e-01,lr=8.67e-03, alpha=7.96e-01,
2023-09-16 00:08:37 290/1000: mse=0.08840, angle_error=1.03e-01, t_error=6.293e-01,lr=8.62e-03, alpha=8.03e-01,
2023-09-16 00:08:39 300/1000: mse=0.07494, angle_error=8.74e-02, t_error=6.249e-01,lr=8.58e-03, alpha=8.10e-01,
R,t=[[ 0.01305368 -0.8785451   0.4774282   0.16265327]
 [ 0.9975282   0.04406592  0.05389364  0.01658494]
 [-0.06841365  0.47559348  0.8769517   0.05270013]]
ref=[[ 0.05433223 -0.85746783  0.5116609  -0.45007837]
 [ 0.99851084  0.04917696 -0.02361653  0.12704276]
 [-0.00491151  0.51218206  0.8588629  -0.00106776]]
2023-09-16 00:09:11 310/1000: mse=0.07722, angle_error=9.01e-02, t_error=6.354e-01,lr=8.54e-03, alpha=8.17e-01,
2023-09-16 00:09:13 320/1000: mse=0.07589, angle_error=8.87e-02, t_error=6.395e-01,lr=8.49e-03, alpha=8.24e-01,
2023-09-16 00:09:15 330/1000: mse=0.07332, angle_error=8.75e-02, t_error=6.416e-01,lr=8.45e-03, alpha=8.31e-01,
2023-09-16 00:09:16 340/1000: mse=0.08031, angle_error=8.41e-02, t_error=6.526e-01,lr=8.41e-03, alpha=8.38e-01,
2023-09-16 00:09:18 350/1000: mse=0.07664, angle_error=8.96e-02, t_error=6.608e-01,lr=8.36e-03, alpha=8.45e-01,
2023-09-16 00:09:20 360/1000: mse=0.07524, angle_error=9.59e-02, t_error=6.745e-01,lr=8.32e-03, alpha=8.52e-01,
2023-09-16 00:09:22 370/1000: mse=0.08031, angle_error=8.96e-02, t_error=6.727e-01,lr=8.28e-03, alpha=8.59e-01,
2023-09-16 00:09:24 380/1000: mse=0.07590, angle_error=8.46e-02, t_error=6.729e-01,lr=8.24e-03, alpha=8.66e-01,
2023-09-16 00:09:26 390/1000: mse=0.07834, angle_error=9.61e-02, t_error=7.051e-01,lr=8.19e-03, alpha=8.73e-01,
2023-09-16 00:09:28 400/1000: mse=0.08200, angle_error=9.43e-02, t_error=7.105e-01,lr=8.15e-03, alpha=8.80e-01,
R,t=[[ 0.04198313 -0.8894865   0.45491117  0.23527227]
 [ 0.9968118   0.0677841   0.04076989 -0.02150348]
 [-0.06712449  0.45177084  0.88948953  0.11315354]]
ref=[[ 0.05433223 -0.85746783  0.5116609  -0.45007837]
 [ 0.99851084  0.04917696 -0.02361653  0.12704276]
 [-0.00491151  0.51218206  0.8588629  -0.00106776]]
2023-09-16 00:10:00 410/1000: mse=0.07738, angle_error=8.89e-02, t_error=7.021e-01,lr=8.11e-03, alpha=8.87e-01,
2023-09-16 00:10:01 420/1000: mse=0.08055, angle_error=9.71e-02, t_error=7.127e-01,lr=8.07e-03, alpha=8.94e-01,
2023-09-16 00:10:03 430/1000: mse=0.07590, angle_error=9.51e-02, t_error=7.127e-01,lr=8.03e-03, alpha=9.01e-01,
2023-09-16 00:10:05 440/1000: mse=0.07541, angle_error=8.71e-02, t_error=7.042e-01,lr=7.99e-03, alpha=9.08e-01,
2023-09-16 00:10:07 450/1000: mse=0.08515, angle_error=7.37e-02, t_error=6.816e-01,lr=7.95e-03, alpha=9.15e-01,
2023-09-16 00:10:09 460/1000: mse=0.07902, angle_error=7.24e-02, t_error=6.809e-01,lr=7.91e-03, alpha=9.22e-01,
2023-09-16 00:10:11 470/1000: mse=0.07307, angle_error=7.76e-02, t_error=6.878e-01,lr=7.87e-03, alpha=9.29e-01,
2023-09-16 00:10:13 480/1000: mse=0.08038, angle_error=6.73e-02, t_error=6.815e-01,lr=7.83e-03, alpha=9.36e-01,
2023-09-16 00:10:15 490/1000: mse=0.07857, angle_error=6.91e-02, t_error=6.930e-01,lr=7.79e-03, alpha=9.43e-01,
2023-09-16 00:10:17 500/1000: mse=0.07933, angle_error=8.31e-02, t_error=7.172e-01,lr=7.75e-03, alpha=9.50e-01,
R,t=[[ 0.02630379 -0.8791463   0.47574785  0.22967744]
 [ 0.9972925   0.05521192  0.04704832 -0.06370452]
 [-0.06766742  0.47328085  0.8782127   0.12514287]]
ref=[[ 0.05433223 -0.85746783  0.5116609  -0.45007837]
 [ 0.99851084  0.04917696 -0.02361653  0.12704276]
 [-0.00491151  0.51218206  0.8588629  -0.00106776]]
2023-09-16 00:10:48 510/1000: mse=0.07728, angle_error=8.05e-02, t_error=7.289e-01,lr=7.71e-03, alpha=9.57e-01,
2023-09-16 00:10:50 520/1000: mse=0.07291, angle_error=6.63e-02, t_error=7.210e-01,lr=7.67e-03, alpha=9.64e-01,
2023-09-16 00:10:52 530/1000: mse=0.07344, angle_error=6.01e-02, t_error=7.083e-01,lr=7.63e-03, alpha=9.71e-01,
2023-09-16 00:10:54 540/1000: mse=0.07212, angle_error=6.69e-02, t_error=7.092e-01,lr=7.59e-03, alpha=9.78e-01,
2023-09-16 00:10:56 550/1000: mse=0.07451, angle_error=7.14e-02, t_error=7.216e-01,lr=7.55e-03, alpha=9.85e-01,
2023-09-16 00:10:58 560/1000: mse=0.07549, angle_error=6.75e-02, t_error=7.253e-01,lr=7.51e-03, alpha=9.92e-01,
2023-09-16 00:11:00 570/1000: mse=0.06800, angle_error=6.12e-02, t_error=7.193e-01,lr=7.47e-03, alpha=9.99e-01,
2023-09-16 00:11:02 580/1000: mse=0.06972, angle_error=6.20e-02, t_error=7.315e-01,lr=7.44e-03, alpha=1.00e+00,
2023-09-16 00:11:04 590/1000: mse=0.07485, angle_error=6.25e-02, t_error=7.459e-01,lr=7.40e-03, alpha=1.00e+00,
2023-09-16 00:11:05 600/1000: mse=0.07246, angle_error=5.15e-02, t_error=7.358e-01,lr=7.36e-03, alpha=1.00e+00,
R,t=[[ 0.06194083 -0.8688104   0.4912345   0.23610623]
 [ 0.9969069   0.07735597  0.0111832  -0.09451246]
 [-0.0477099   0.4890145   0.8709213   0.14562277]]
ref=[[ 0.05433223 -0.85746783  0.5116609  -0.45007837]
 [ 0.99851084  0.04917696 -0.02361653  0.12704276]
 [-0.00491151  0.51218206  0.8588629  -0.00106776]]
2023-09-16 00:11:37 610/1000: mse=0.06976, angle_error=4.86e-02, t_error=7.510e-01,lr=7.32e-03, alpha=1.00e+00,
2023-09-16 00:11:39 620/1000: mse=0.07115, angle_error=4.86e-02, t_error=7.700e-01,lr=7.29e-03, alpha=1.00e+00,
2023-09-16 00:11:41 630/1000: mse=0.07935, angle_error=5.18e-02, t_error=7.836e-01,lr=7.25e-03, alpha=1.00e+00,
2023-09-16 00:11:43 640/1000: mse=0.07439, angle_error=5.25e-02, t_error=7.825e-01,lr=7.21e-03, alpha=1.00e+00,
2023-09-16 00:11:45 650/1000: mse=0.07414, angle_error=4.76e-02, t_error=7.654e-01,lr=7.17e-03, alpha=1.00e+00,
2023-09-16 00:11:47 660/1000: mse=0.06627, angle_error=5.24e-02, t_error=7.536e-01,lr=7.14e-03, alpha=1.00e+00,
2023-09-16 00:11:49 670/1000: mse=0.07421, angle_error=5.50e-02, t_error=7.452e-01,lr=7.10e-03, alpha=1.00e+00,
2023-09-16 00:11:51 680/1000: mse=0.07365, angle_error=4.31e-02, t_error=7.279e-01,lr=7.07e-03, alpha=1.00e+00,
2023-09-16 00:11:53 690/1000: mse=0.06932, angle_error=4.90e-02, t_error=7.540e-01,lr=7.03e-03, alpha=1.00e+00,
2023-09-16 00:11:54 700/1000: mse=0.07822, angle_error=5.33e-02, t_error=7.727e-01,lr=6.99e-03, alpha=1.00e+00,
R,t=[[ 0.07010356 -0.8775262   0.4742817   0.26538965]
 [ 0.9971282   0.07498728 -0.00854011 -0.12864177]
 [-0.02804181  0.47351018  0.8802797   0.13969524]]
ref=[[ 0.05433223 -0.85746783  0.5116609  -0.45007837]
 [ 0.99851084  0.04917696 -0.02361653  0.12704276]
 [-0.00491151  0.51218206  0.8588629  -0.00106776]]
2023-09-16 00:12:26 710/1000: mse=0.07014, angle_error=4.39e-02, t_error=7.520e-01,lr=6.96e-03, alpha=1.00e+00,
2023-09-16 00:12:28 720/1000: mse=0.06890, angle_error=3.60e-02, t_error=7.410e-01,lr=6.92e-03, alpha=1.00e+00,
2023-09-16 00:12:30 730/1000: mse=0.07259, angle_error=3.14e-02, t_error=7.432e-01,lr=6.89e-03, alpha=1.00e+00,
2023-09-16 00:12:32 740/1000: mse=0.07350, angle_error=2.62e-02, t_error=7.398e-01,lr=6.85e-03, alpha=1.00e+00,
2023-09-16 00:12:34 750/1000: mse=0.07138, angle_error=2.86e-02, t_error=7.472e-01,lr=6.82e-03, alpha=1.00e+00,
2023-09-16 00:12:35 760/1000: mse=0.06939, angle_error=3.80e-02, t_error=7.565e-01,lr=6.78e-03, alpha=1.00e+00,
2023-09-16 00:12:37 770/1000: mse=0.06965, angle_error=4.15e-02, t_error=7.636e-01,lr=6.75e-03, alpha=1.00e+00,
2023-09-16 00:12:39 780/1000: mse=0.07487, angle_error=4.43e-02, t_error=7.683e-01,lr=6.71e-03, alpha=1.00e+00,
2023-09-16 00:12:41 790/1000: mse=0.07631, angle_error=4.51e-02, t_error=7.625e-01,lr=6.68e-03, alpha=1.00e+00,
2023-09-16 00:12:43 800/1000: mse=0.07018, angle_error=4.21e-02, t_error=7.547e-01,lr=6.65e-03, alpha=1.00e+00,
R,t=[[ 0.05839938 -0.8775145   0.4759031   0.25275224]
 [ 0.9982846   0.05328691 -0.02424129 -0.1179187 ]
 [-0.00408036  0.47650284  0.87912166  0.12369733]]
ref=[[ 0.05433223 -0.85746783  0.5116609  -0.45007837]
 [ 0.99851084  0.04917696 -0.02361653  0.12704276]
 [-0.00491151  0.51218206  0.8588629  -0.00106776]]
2023-09-16 00:13:15 810/1000: mse=0.07511, angle_error=3.49e-02, t_error=7.366e-01,lr=6.61e-03, alpha=1.00e+00,
2023-09-16 00:13:17 820/1000: mse=0.07124, angle_error=2.19e-02, t_error=7.165e-01,lr=6.58e-03, alpha=1.00e+00,
2023-09-16 00:13:19 830/1000: mse=0.07892, angle_error=1.92e-02, t_error=7.061e-01,lr=6.54e-03, alpha=1.00e+00,
2023-09-16 00:13:20 840/1000: mse=0.07579, angle_error=2.74e-02, t_error=7.094e-01,lr=6.51e-03, alpha=1.00e+00,
2023-09-16 00:13:22 850/1000: mse=0.07433, angle_error=3.19e-02, t_error=7.228e-01,lr=6.48e-03, alpha=1.00e+00,
2023-09-16 00:13:24 860/1000: mse=0.07452, angle_error=2.64e-02, t_error=7.171e-01,lr=6.44e-03, alpha=1.00e+00,
2023-09-16 00:13:26 870/1000: mse=0.07024, angle_error=2.88e-02, t_error=7.271e-01,lr=6.41e-03, alpha=1.00e+00,
2023-09-16 00:13:28 880/1000: mse=0.06900, angle_error=3.25e-02, t_error=7.378e-01,lr=6.38e-03, alpha=1.00e+00,
2023-09-16 00:13:30 890/1000: mse=0.06916, angle_error=3.02e-02, t_error=7.308e-01,lr=6.35e-03, alpha=1.00e+00,
2023-09-16 00:13:32 900/1000: mse=0.07718, angle_error=2.50e-02, t_error=7.159e-01,lr=6.31e-03, alpha=1.00e+00,
R,t=[[ 0.04272822 -0.8688127   0.49327067  0.22132874]
 [ 0.9990781   0.03887303 -0.01807479 -0.09465154]
 [-0.00348087  0.49359027  0.86967754  0.11129559]]
ref=[[ 0.05433223 -0.85746783  0.5116609  -0.45007837]
 [ 0.99851084  0.04917696 -0.02361653  0.12704276]
 [-0.00491151  0.51218206  0.8588629  -0.00106776]]
2023-09-16 00:14:03 910/1000: mse=0.07713, angle_error=2.78e-02, t_error=7.129e-01,lr=6.28e-03, alpha=1.00e+00,
2023-09-16 00:14:05 920/1000: mse=0.07171, angle_error=2.82e-02, t_error=7.077e-01,lr=6.25e-03, alpha=1.00e+00,
2023-09-16 00:14:07 930/1000: mse=0.07179, angle_error=2.62e-02, t_error=7.103e-01,lr=6.22e-03, alpha=1.00e+00,
2023-09-16 00:14:09 940/1000: mse=0.06885, angle_error=3.18e-02, t_error=7.327e-01,lr=6.19e-03, alpha=1.00e+00,
2023-09-16 00:14:11 950/1000: mse=0.06709, angle_error=3.12e-02, t_error=7.434e-01,lr=6.16e-03, alpha=1.00e+00,
2023-09-16 00:14:13 960/1000: mse=0.06798, angle_error=2.74e-02, t_error=7.522e-01,lr=6.12e-03, alpha=1.00e+00,
2023-09-16 00:14:15 970/1000: mse=0.06687, angle_error=2.34e-02, t_error=7.547e-01,lr=6.09e-03, alpha=1.00e+00,
2023-09-16 00:14:17 980/1000: mse=0.07072, angle_error=2.66e-02, t_error=7.701e-01,lr=6.06e-03, alpha=1.00e+00,
2023-09-16 00:14:18 990/1000: mse=0.06896, angle_error=2.16e-02, t_error=7.682e-01,lr=6.03e-03, alpha=1.00e+00,
2023-09-16 00:14:20 1000/1000: mse=0.06854, angle_error=2.39e-02, t_error=7.623e-01,lr=6.00e-03, alpha=1.00e+00,
R,t=[[ 0.05689736 -0.8686458   0.4921309   0.2574348 ]
 [ 0.99833757  0.0540134  -0.02007272 -0.12271844]
 [-0.00914299  0.4924546   0.8702755   0.13390185]]
ref=[[ 0.05433223 -0.85746783  0.5116609  -0.45007837]
 [ 0.99851084  0.04917696 -0.02361653  0.12704276]
 [-0.00491151  0.51218206  0.8588629  -0.00106776]]
