2023-09-16 00:42:13 10/1000: mse=0.21712, angle_error=4.06e-03, t_error=5.010e-01,lr=9.95e-03, alpha=6.07e-01,
R,t=[[ 0.05105197 -0.858437    0.51037204  0.05093112]
 [ 0.9986744   0.04724284 -0.02043469  0.12497039]
 [-0.00656954  0.5107387   0.85971093 -0.00304168]]
ref=[[ 0.05433223 -0.85746783  0.5116609  -0.45007837]
 [ 0.99851084  0.04917696 -0.02361653  0.12704276]
 [-0.00491151  0.51218206  0.8588629  -0.00106776]]
2023-09-16 00:42:53 20/1000: mse=0.21568, angle_error=1.84e-02, t_error=5.011e-01,lr=9.90e-03, alpha=6.14e-01,
2023-09-16 00:42:55 30/1000: mse=0.20189, angle_error=3.61e-02, t_error=5.071e-01,lr=9.85e-03, alpha=6.21e-01,
2023-09-16 00:42:57 40/1000: mse=0.15633, angle_error=7.31e-02, t_error=5.250e-01,lr=9.80e-03, alpha=6.28e-01,
2023-09-16 00:42:59 50/1000: mse=0.11569, angle_error=1.16e-01, t_error=5.429e-01,lr=9.75e-03, alpha=6.35e-01,
2023-09-16 00:43:01 60/1000: mse=0.10483, angle_error=1.35e-01, t_error=5.610e-01,lr=9.70e-03, alpha=6.42e-01,
2023-09-16 00:43:02 70/1000: mse=0.10894, angle_error=1.34e-01, t_error=5.742e-01,lr=9.65e-03, alpha=6.49e-01,
2023-09-16 00:43:04 80/1000: mse=0.10145, angle_error=1.27e-01, t_error=5.780e-01,lr=9.60e-03, alpha=6.56e-01,
2023-09-16 00:43:06 90/1000: mse=0.09950, angle_error=1.16e-01, t_error=5.767e-01,lr=9.55e-03, alpha=6.63e-01,
2023-09-16 00:43:08 100/1000: mse=0.09826, angle_error=1.32e-01, t_error=5.987e-01,lr=9.50e-03, alpha=6.70e-01,
R,t=[[-0.03805384 -0.89394695  0.4461946   0.14368595]
 [ 0.9974345  -0.00801115  0.06921403  0.05575739]
 [-0.05846087  0.44787988  0.89207745 -0.03013053]]
ref=[[ 0.05433223 -0.85746783  0.5116609  -0.45007837]
 [ 0.99851084  0.04917696 -0.02361653  0.12704276]
 [-0.00491151  0.51218206  0.8588629  -0.00106776]]
2023-09-16 00:43:39 110/1000: mse=0.10240, angle_error=1.28e-01, t_error=6.061e-01,lr=9.45e-03, alpha=6.77e-01,
2023-09-16 00:43:41 120/1000: mse=0.10243, angle_error=1.20e-01, t_error=6.091e-01,lr=9.41e-03, alpha=6.84e-01,
2023-09-16 00:43:42 130/1000: mse=0.10337, angle_error=1.06e-01, t_error=5.928e-01,lr=9.36e-03, alpha=6.91e-01,
2023-09-16 00:43:44 140/1000: mse=0.09530, angle_error=1.07e-01, t_error=5.808e-01,lr=9.31e-03, alpha=6.98e-01,
2023-09-16 00:43:46 150/1000: mse=0.09337, angle_error=1.18e-01, t_error=5.867e-01,lr=9.26e-03, alpha=7.05e-01,
2023-09-16 00:43:48 160/1000: mse=0.09187, angle_error=1.20e-01, t_error=6.072e-01,lr=9.22e-03, alpha=7.12e-01,
2023-09-16 00:43:50 170/1000: mse=0.08998, angle_error=1.10e-01, t_error=6.176e-01,lr=9.17e-03, alpha=7.19e-01,
2023-09-16 00:43:52 180/1000: mse=0.08970, angle_error=9.62e-02, t_error=6.026e-01,lr=9.12e-03, alpha=7.26e-01,
2023-09-16 00:43:54 190/1000: mse=0.08905, angle_error=9.62e-02, t_error=6.063e-01,lr=9.08e-03, alpha=7.33e-01,
2023-09-16 00:43:56 200/1000: mse=0.08019, angle_error=1.04e-01, t_error=6.307e-01,lr=9.03e-03, alpha=7.40e-01,
R,t=[[-0.00269773 -0.88264304  0.469876    0.17224988]
 [ 0.9971293   0.03239659  0.06676672  0.02601728]
 [-0.07423306  0.46884647  0.8800466   0.01570131]]
ref=[[ 0.05433223 -0.85746783  0.5116609  -0.45007837]
 [ 0.99851084  0.04917696 -0.02361653  0.12704276]
 [-0.00491151  0.51218206  0.8588629  -0.00106776]]
2023-09-16 00:44:26 210/1000: mse=0.08826, angle_error=8.48e-02, t_error=6.276e-01,lr=8.98e-03, alpha=7.47e-01,
2023-09-16 00:44:28 220/1000: mse=0.08610, angle_error=8.99e-02, t_error=6.355e-01,lr=8.94e-03, alpha=7.54e-01,
2023-09-16 00:44:30 230/1000: mse=0.08501, angle_error=8.61e-02, t_error=6.328e-01,lr=8.89e-03, alpha=7.61e-01,
2023-09-16 00:44:32 240/1000: mse=0.08783, angle_error=7.94e-02, t_error=6.136e-01,lr=8.85e-03, alpha=7.68e-01,
2023-09-16 00:44:34 250/1000: mse=0.08642, angle_error=8.56e-02, t_error=6.112e-01,lr=8.80e-03, alpha=7.75e-01,
2023-09-16 00:44:36 260/1000: mse=0.08588, angle_error=9.45e-02, t_error=6.302e-01,lr=8.76e-03, alpha=7.82e-01,
2023-09-16 00:44:38 270/1000: mse=0.08147, angle_error=9.25e-02, t_error=6.396e-01,lr=8.71e-03, alpha=7.89e-01,
2023-09-16 00:44:40 280/1000: mse=0.07603, angle_error=8.15e-02, t_error=6.419e-01,lr=8.67e-03, alpha=7.96e-01,
2023-09-16 00:44:41 290/1000: mse=0.07567, angle_error=7.02e-02, t_error=6.358e-01,lr=8.62e-03, alpha=8.03e-01,
2023-09-16 00:44:43 300/1000: mse=0.08262, angle_error=6.36e-02, t_error=6.362e-01,lr=8.58e-03, alpha=8.10e-01,
R,t=[[ 0.03301422 -0.8726364   0.48722062  0.17161681]
 [ 0.99789035  0.05568011  0.03218269 -0.00272883]
 [-0.05522942  0.4851603   0.87263     0.03701263]]
ref=[[ 0.05433223 -0.85746783  0.5116609  -0.45007837]
 [ 0.99851084  0.04917696 -0.02361653  0.12704276]
 [-0.00491151  0.51218206  0.8588629  -0.00106776]]
2023-09-16 00:45:14 310/1000: mse=0.07817, angle_error=6.18e-02, t_error=6.376e-01,lr=8.54e-03, alpha=8.17e-01,
2023-09-16 00:45:16 320/1000: mse=0.08149, angle_error=6.88e-02, t_error=6.489e-01,lr=8.49e-03, alpha=8.24e-01,
2023-09-16 00:45:18 330/1000: mse=0.08728, angle_error=7.35e-02, t_error=6.696e-01,lr=8.45e-03, alpha=8.31e-01,
2023-09-16 00:45:20 340/1000: mse=0.08083, angle_error=6.99e-02, t_error=6.782e-01,lr=8.41e-03, alpha=8.38e-01,
2023-09-16 00:45:22 350/1000: mse=0.08089, angle_error=5.29e-02, t_error=6.668e-01,lr=8.36e-03, alpha=8.45e-01,
2023-09-16 00:45:23 360/1000: mse=0.08159, angle_error=5.52e-02, t_error=6.641e-01,lr=8.32e-03, alpha=8.52e-01,
2023-09-16 00:45:25 370/1000: mse=0.07458, angle_error=6.37e-02, t_error=6.672e-01,lr=8.28e-03, alpha=8.59e-01,
2023-09-16 00:45:27 380/1000: mse=0.07681, angle_error=6.08e-02, t_error=6.645e-01,lr=8.24e-03, alpha=8.66e-01,
2023-09-16 00:45:29 390/1000: mse=0.07648, angle_error=6.61e-02, t_error=6.804e-01,lr=8.19e-03, alpha=8.73e-01,
2023-09-16 00:45:31 400/1000: mse=0.07567, angle_error=5.71e-02, t_error=6.791e-01,lr=8.15e-03, alpha=8.80e-01,
R,t=[[ 0.00955172 -0.87133545  0.4905199   0.20525059]
 [ 0.99955225  0.0215888   0.01891727 -0.03713204]
 [-0.0271056   0.49017185  0.87118626  0.06835277]]
ref=[[ 0.05433223 -0.85746783  0.5116609  -0.45007837]
 [ 0.99851084  0.04917696 -0.02361653  0.12704276]
 [-0.00491151  0.51218206  0.8588629  -0.00106776]]
2023-09-16 00:46:02 410/1000: mse=0.07028, angle_error=5.32e-02, t_error=6.799e-01,lr=8.11e-03, alpha=8.87e-01,
2023-09-16 00:46:04 420/1000: mse=0.08266, angle_error=4.43e-02, t_error=6.646e-01,lr=8.07e-03, alpha=8.94e-01,
2023-09-16 00:46:06 430/1000: mse=0.07672, angle_error=4.54e-02, t_error=6.663e-01,lr=8.03e-03, alpha=9.01e-01,
2023-09-16 00:46:07 440/1000: mse=0.07746, angle_error=4.91e-02, t_error=6.742e-01,lr=7.99e-03, alpha=9.08e-01,
2023-09-16 00:46:09 450/1000: mse=0.07421, angle_error=5.60e-02, t_error=6.904e-01,lr=7.95e-03, alpha=9.15e-01,
2023-09-16 00:46:11 460/1000: mse=0.07261, angle_error=4.15e-02, t_error=6.851e-01,lr=7.91e-03, alpha=9.22e-01,
2023-09-16 00:46:13 470/1000: mse=0.08090, angle_error=3.53e-02, t_error=6.800e-01,lr=7.87e-03, alpha=9.29e-01,
2023-09-16 00:46:15 480/1000: mse=0.07211, angle_error=4.69e-02, t_error=6.930e-01,lr=7.83e-03, alpha=9.36e-01,
2023-09-16 00:46:17 490/1000: mse=0.07774, angle_error=6.01e-02, t_error=7.134e-01,lr=7.79e-03, alpha=9.43e-01,
2023-09-16 00:46:19 500/1000: mse=0.07574, angle_error=5.33e-02, t_error=7.139e-01,lr=7.75e-03, alpha=9.50e-01,
R,t=[[ 0.01786859 -0.8721129   0.48891085  0.23259614]
 [ 0.99935085  0.03034228  0.01764555 -0.06849539]
 [-0.03025664  0.4883257   0.8721113   0.07218949]]
ref=[[ 0.05433223 -0.85746783  0.5116609  -0.45007837]
 [ 0.99851084  0.04917696 -0.02361653  0.12704276]
 [-0.00491151  0.51218206  0.8588629  -0.00106776]]
2023-09-16 00:46:49 510/1000: mse=0.07238, angle_error=3.94e-02, t_error=7.009e-01,lr=7.71e-03, alpha=9.57e-01,
2023-09-16 00:46:51 520/1000: mse=0.07224, angle_error=3.83e-02, t_error=7.069e-01,lr=7.67e-03, alpha=9.64e-01,
2023-09-16 00:46:53 530/1000: mse=0.06849, angle_error=3.51e-02, t_error=7.247e-01,lr=7.63e-03, alpha=9.71e-01,
2023-09-16 00:46:55 540/1000: mse=0.06800, angle_error=2.99e-02, t_error=7.378e-01,lr=7.59e-03, alpha=9.78e-01,
2023-09-16 00:46:57 550/1000: mse=0.07476, angle_error=3.16e-02, t_error=7.466e-01,lr=7.55e-03, alpha=9.85e-01,
2023-09-16 00:46:59 560/1000: mse=0.06735, angle_error=2.67e-02, t_error=7.390e-01,lr=7.51e-03, alpha=9.92e-01,
2023-09-16 00:47:01 570/1000: mse=0.06692, angle_error=2.61e-02, t_error=7.438e-01,lr=7.47e-03, alpha=9.99e-01,
2023-09-16 00:47:03 580/1000: mse=0.06958, angle_error=1.71e-02, t_error=7.598e-01,lr=7.44e-03, alpha=1.00e+00,
2023-09-16 00:47:05 590/1000: mse=0.07162, angle_error=1.15e-02, t_error=7.718e-01,lr=7.40e-03, alpha=1.00e+00,
2023-09-16 00:47:06 600/1000: mse=0.07007, angle_error=1.23e-02, t_error=7.817e-01,lr=7.36e-03, alpha=1.00e+00,
R,t=[[ 0.05805337 -0.86302364  0.5018102   0.28244454]
 [ 0.9982964   0.05310422 -0.0241595  -0.11883815]
 [-0.00579614  0.502358    0.86463696  0.11705057]]
ref=[[ 0.05433223 -0.85746783  0.5116609  -0.45007837]
 [ 0.99851084  0.04917696 -0.02361653  0.12704276]
 [-0.00491151  0.51218206  0.8588629  -0.00106776]]
2023-09-16 00:47:37 610/1000: mse=0.06627, angle_error=1.87e-02, t_error=7.749e-01,lr=7.32e-03, alpha=1.00e+00,
2023-09-16 00:47:39 620/1000: mse=0.06860, angle_error=2.06e-02, t_error=7.566e-01,lr=7.29e-03, alpha=1.00e+00,
2023-09-16 00:47:41 630/1000: mse=0.07152, angle_error=2.13e-02, t_error=7.392e-01,lr=7.25e-03, alpha=1.00e+00,
2023-09-16 00:47:43 640/1000: mse=0.07250, angle_error=1.85e-02, t_error=7.309e-01,lr=7.21e-03, alpha=1.00e+00,
2023-09-16 00:47:45 650/1000: mse=0.06713, angle_error=1.77e-02, t_error=7.382e-01,lr=7.17e-03, alpha=1.00e+00,
2023-09-16 00:47:47 660/1000: mse=0.07014, angle_error=1.92e-02, t_error=7.347e-01,lr=7.14e-03, alpha=1.00e+00,
2023-09-16 00:47:48 670/1000: mse=0.07261, angle_error=1.82e-02, t_error=7.512e-01,lr=7.10e-03, alpha=1.00e+00,
2023-09-16 00:47:50 680/1000: mse=0.06607, angle_error=1.26e-02, t_error=7.521e-01,lr=7.07e-03, alpha=1.00e+00,
2023-09-16 00:47:52 690/1000: mse=0.06581, angle_error=1.35e-02, t_error=7.501e-01,lr=7.03e-03, alpha=1.00e+00,
2023-09-16 00:47:54 700/1000: mse=0.06762, angle_error=2.01e-02, t_error=7.551e-01,lr=6.99e-03, alpha=1.00e+00,
R,t=[[ 0.06836386 -0.8624247   0.50153446  0.2594114 ]
 [ 0.99758154  0.06520826 -0.02384217 -0.11471087]
 [-0.01213551  0.501952    0.8648059   0.0901343 ]]
ref=[[ 0.05433223 -0.85746783  0.5116609  -0.45007837]
 [ 0.99851084  0.04917696 -0.02361653  0.12704276]
 [-0.00491151  0.51218206  0.8588629  -0.00106776]]
2023-09-16 00:48:25 710/1000: mse=0.06426, angle_error=1.69e-02, t_error=7.456e-01,lr=6.96e-03, alpha=1.00e+00,
2023-09-16 00:48:27 720/1000: mse=0.06832, angle_error=1.21e-02, t_error=7.399e-01,lr=6.92e-03, alpha=1.00e+00,
2023-09-16 00:48:29 730/1000: mse=0.06922, angle_error=1.43e-02, t_error=7.377e-01,lr=6.89e-03, alpha=1.00e+00,
2023-09-16 00:48:30 740/1000: mse=0.06926, angle_error=7.90e-03, t_error=7.267e-01,lr=6.85e-03, alpha=1.00e+00,
2023-09-16 00:48:32 750/1000: mse=0.06723, angle_error=1.10e-02, t_error=7.383e-01,lr=6.82e-03, alpha=1.00e+00,
2023-09-16 00:48:34 760/1000: mse=0.06261, angle_error=8.02e-03, t_error=7.387e-01,lr=6.78e-03, alpha=1.00e+00,
2023-09-16 00:48:36 770/1000: mse=0.06772, angle_error=7.95e-03, t_error=7.455e-01,lr=6.75e-03, alpha=1.00e+00,
2023-09-16 00:48:38 780/1000: mse=0.06436, angle_error=9.96e-03, t_error=7.509e-01,lr=6.71e-03, alpha=1.00e+00,
2023-09-16 00:48:40 790/1000: mse=0.06847, angle_error=7.56e-03, t_error=7.541e-01,lr=6.68e-03, alpha=1.00e+00,
2023-09-16 00:48:42 800/1000: mse=0.07114, angle_error=1.20e-02, t_error=7.524e-01,lr=6.65e-03, alpha=1.00e+00,
R,t=[[ 0.04544403 -0.85454196  0.5173851   0.25461116]
 [ 0.9989642   0.03943142 -0.02261357 -0.12679547]
 [-0.00107431  0.51787734  0.85545266  0.07046553]]
ref=[[ 0.05433223 -0.85746783  0.5116609  -0.45007837]
 [ 0.99851084  0.04917696 -0.02361653  0.12704276]
 [-0.00491151  0.51218206  0.8588629  -0.00106776]]
2023-09-16 00:49:13 810/1000: mse=0.07116, angle_error=1.40e-02, t_error=7.459e-01,lr=6.61e-03, alpha=1.00e+00,
2023-09-16 00:49:14 820/1000: mse=0.06612, angle_error=2.01e-02, t_error=7.517e-01,lr=6.58e-03, alpha=1.00e+00,
2023-09-16 00:49:16 830/1000: mse=0.06977, angle_error=3.22e-02, t_error=7.560e-01,lr=6.54e-03, alpha=1.00e+00,
2023-09-16 00:49:18 840/1000: mse=0.07102, angle_error=3.60e-02, t_error=7.540e-01,lr=6.51e-03, alpha=1.00e+00,
2023-09-16 00:49:20 850/1000: mse=0.06635, angle_error=3.33e-02, t_error=7.517e-01,lr=6.48e-03, alpha=1.00e+00,
2023-09-16 00:49:22 860/1000: mse=0.06861, angle_error=3.50e-02, t_error=7.362e-01,lr=6.44e-03, alpha=1.00e+00,
2023-09-16 00:49:24 870/1000: mse=0.06601, angle_error=2.91e-02, t_error=7.279e-01,lr=6.41e-03, alpha=1.00e+00,
2023-09-16 00:49:26 880/1000: mse=0.06567, angle_error=2.17e-02, t_error=7.307e-01,lr=6.38e-03, alpha=1.00e+00,
2023-09-16 00:49:28 890/1000: mse=0.06628, angle_error=1.51e-02, t_error=7.153e-01,lr=6.35e-03, alpha=1.00e+00,
2023-09-16 00:49:30 900/1000: mse=0.07065, angle_error=1.65e-02, t_error=7.087e-01,lr=6.31e-03, alpha=1.00e+00,
R,t=[[ 0.04914747 -0.8522081   0.5208845   0.2184497 ]
 [ 0.9987736   0.03903291 -0.03036892 -0.10244563]
 [ 0.00555115  0.5217371   0.8530832   0.05005105]]
ref=[[ 0.05433223 -0.85746783  0.5116609  -0.45007837]
 [ 0.99851084  0.04917696 -0.02361653  0.12704276]
 [-0.00491151  0.51218206  0.8588629  -0.00106776]]
2023-09-16 00:50:00 910/1000: mse=0.06999, angle_error=1.42e-02, t_error=7.118e-01,lr=6.28e-03, alpha=1.00e+00,
2023-09-16 00:50:02 920/1000: mse=0.06865, angle_error=9.04e-03, t_error=7.333e-01,lr=6.25e-03, alpha=1.00e+00,
2023-09-16 00:50:04 930/1000: mse=0.06818, angle_error=1.10e-02, t_error=7.427e-01,lr=6.22e-03, alpha=1.00e+00,
2023-09-16 00:50:06 940/1000: mse=0.07111, angle_error=1.11e-02, t_error=7.466e-01,lr=6.19e-03, alpha=1.00e+00,
2023-09-16 00:50:08 950/1000: mse=0.07013, angle_error=1.51e-02, t_error=7.582e-01,lr=6.16e-03, alpha=1.00e+00,
2023-09-16 00:50:10 960/1000: mse=0.06798, angle_error=1.57e-02, t_error=7.623e-01,lr=6.12e-03, alpha=1.00e+00,
2023-09-16 00:50:12 970/1000: mse=0.06671, angle_error=1.44e-02, t_error=7.593e-01,lr=6.09e-03, alpha=1.00e+00,
2023-09-16 00:50:13 980/1000: mse=0.06519, angle_error=9.49e-03, t_error=7.609e-01,lr=6.06e-03, alpha=1.00e+00,
2023-09-16 00:50:15 990/1000: mse=0.06524, angle_error=8.19e-03, t_error=7.613e-01,lr=6.03e-03, alpha=1.00e+00,
2023-09-16 00:50:17 1000/1000: mse=0.07158, angle_error=1.49e-02, t_error=7.455e-01,lr=6.00e-03, alpha=1.00e+00,
R,t=[[ 0.04943986 -0.8564094   0.51392347  0.25653815]
 [ 0.9987366   0.03801132 -0.03273388 -0.09897533]
 [ 0.00849936  0.5148907   0.85720897  0.07233354]]
ref=[[ 0.05433223 -0.85746783  0.5116609  -0.45007837]
 [ 0.99851084  0.04917696 -0.02361653  0.12704276]
 [-0.00491151  0.51218206  0.8588629  -0.00106776]]
