0.9793570553716785 -0.17244742438527028 0.10545921605726205 36.23298645019531
0.18456930123098458 0.9756292228764359 -0.11866674036592223 1.0944968461990356
-0.08242532057342489 0.13568164226915008 0.9873178616402734 -60.96050262451172
0 0 0 1
0.980536180102092 -0.1674263246686576 0.1025535218840532 33.95859909057617
0.18295955382360196 0.9686826186214769 -0.16786835703139869 0.48372870683670044
-0.07123623170512472 0.1833641443567905 0.980460600629632 -60.798980712890625
0 0 0 1
0.9822167582630708 -0.16441872720430012 0.09064614734046206 31.509408950805664
0.17972494473299577 0.9630378177684137 -0.20064174576843574 -0.028065260499715805
-0.05430640960211264 0.2133650581721429 0.9754620283329419 -60.70127487182617
0 0 0 1
0.9833240674226301 -0.16362928779620656 0.07936774403039082 29.024517059326172
0.17705725353081736 0.9610193323891932 -0.2123501390158944 -0.36907270550727844
-0.04152723912435419 0.2228616358713451 0.973965187369952 -60.709529876708984
0 0 0 1
0.9838835627281329 -0.16582059299333896 0.06690790299319693 26.498111724853516
0.17552090402222031 0.9670667294385952 -0.18432133960005403 -0.5633655190467834
-0.03414013466335697 0.19309447149018366 0.9805860381182732 -60.682308197021484
0 0 0 1
0.9837793097617106 -0.16831830505015952 0.062025949229031374 23.991769790649414
0.1757930925359448 0.973453777108387 -0.14657603242465927 -0.6191498041152954
-0.03570796562910972 0.15510220130529245 0.9872528798337623 -60.62616729736328
0 0 0 1
0.9833559353482046 -0.17114062778101313 0.061008117862452194 21.477731704711914
0.17661476450139546 0.9791971426620212 -0.09990085783544667 -0.5585144758224487
-0.042641879443978015 0.10901303572904586 0.9931252833192856 -60.6111946105957
0 0 0 1
0.9829825377365728 -0.17424273210019126 0.05817905261707762 18.96034812927246
0.1770732570100172 0.9830439952163846 -0.04763996708853502 -0.4260384440422058
-0.048891650667819586 0.05713120970707064 0.997168807974197 -60.59810256958008
0 0 0 1
0.982469757845382 -0.17672480423586262 0.059342373327220144 16.526220321655273
0.17734792245324132 0.9841336139719105 -0.005361264076057637 -0.26014748215675354
-0.05745335591443068 0.015791526803008882 0.9982232913793715 -60.57258224487305
0 0 0 1
0.9820336235346553 -0.17891573336246985 0.05999271327036071 14.003745079040527
0.17726786469986017 0.9836490141496329 0.03179188381334086 -0.0801009088754654
-0.064699841073392 -0.020585919630137894 0.9976924129554514 -60.5557861328125
0 0 0 1
0.981716831742461 -0.1805740220509715 0.06020869638440987 11.450032234191895
0.17702212079288526 0.9823818397149535 0.05990903063411457 0.08438725024461746
-0.0699659439296286 -0.04815543335767414 0.9963863815709634 -60.53778839111328
0 0 0 1
0.9817591729887765 -0.18135186867626862 0.05710015612687325 8.922082901000977
0.17708410288884957 0.9815143174534224 0.07260073699706648 0.21054767072200775
-0.0692108994750048 -0.06116491016989478 0.9957252159061003 -60.52132797241211
0 0 0 1
0.9817663534292097 -0.18156571802417798 0.056291361858010314 6.393500328063965
0.17710653632547657 0.9812457432424754 0.07609248497405502 0.29205259680747986
-0.06905144583755951 -0.06473547340599922 0.9955105305003191 -60.49086380004883
0 0 0 1
0.9819287798249196 -0.18191153387357972 0.05219260234128997 3.8910539150238037
0.17733976919176242 0.9807389417977188 0.0818641375441308 0.3222132921218872
-0.06607934744235155 -0.07112892939299298 0.9952759395815797 -60.49837112426758
0 0 0 1
0.9824290994192644 -0.1841533054081924 0.030341839882299992 1.3362009525299072
0.17879496179687038 0.9752612001313536 0.12999214095783407 0.29981768131256104
-0.053529699945560894 -0.12228309442430196 0.9910506633509166 -60.48586654663086
0 0 0 1
0.9022969107894219 -0.19078859555175276 -0.3866005544945734 -1.1746888160705566
0.2710503871960328 0.9483912621043458 0.16457732959784455 0.16615301370620728
0.3352491081703315 -0.2532858496325181 0.9074438309938584 -60.54729461669922
0 0 0 1
0.8155989239010633 -0.26467529199006234 -0.5145341618963158 -3.1552135944366455
0.2843308049822366 0.957806057765582 -0.041994681872405515 -0.08309219032526016
0.5039388924130804 -0.11204708732218993 0.85644092465836 -60.816280364990234
0 0 0 1
0.7964870801055906 -0.3054655084881167 -0.5218229142472897 -4.668907642364502
0.2822815971227849 0.9510397327083664 -0.1258591538657725 -0.30740928649902344
0.5347199553366675 -0.047055815900850506 0.8437181514930481 -61.40930938720703
0 0 0 1
0.7933389134516466 -0.3281087649025567 -0.5127943489133329 -5.805578231811523
0.2817370483246888 0.9445783677495667 -0.16851098727412595 -0.45189380645751953
0.5396643785582129 -0.010786826453014875 0.8418111614724011 -61.85348129272461
0 0 0 1
0.7928061047837942 -0.3383905835103591 -0.5069026701261399 -6.711297512054443
0.28167172567035115 0.9409867867701717 -0.1876297227322672 -0.5212444067001343
0.5404808442002158 0.0059738502006405625 0.8413351225109257 -61.965354919433594
0 0 0 1
0.7927125691651038 -0.3394122154460355 -0.5063656579050619 -7.335836410522461
0.2816783788667294 0.9406070541095065 -0.18951431245230932 -0.48772886395454407
0.5406145784000127 0.007598141303915007 0.8412361043463087 -61.8394775390625
0 0 0 1
0.8060467645597527 -0.3324487802865894 -0.4896595166127016 -7.638772487640381
0.286405455020593 0.9431122369776092 -0.16885268660972574 -0.3352188467979431
0.5179387502957011 -0.004137985842674219 0.8554077058392097 -61.54792404174805
0 0 0 1
0.8496194863243622 -0.3196467762427194 -0.41949098916466115 -7.599798679351807
0.3001560454134672 0.9470844418119226 -0.1137427650713998 -0.06351058185100555
0.433650896406842 -0.029274675779176196 0.9006053012658597 -61.15482711791992
0 0 0 1
0.884948109519625 -0.30493964468407064 -0.35196398700158615 -7.228339672088623
0.30793963230639143 0.9501461134757876 -0.048944277060755104 0.29418620467185974
0.3493422646933869 -0.06507051945349951 0.9347330125898101 -60.779659271240234
0 0 0 1
0.910623583392848 -0.2917053986686742 -0.29269890664576503 -6.562389373779297
0.3095799249352862 0.9507450449346699 0.015624650935883055 0.6922956109046936
0.27372424014167795 -0.10484188107505266 0.9560769950309898 -60.49219512939453
0 0 0 1
0.9284292083914982 -0.2824937694396553 -0.24128089276888376 -5.654881954193115
0.30695122189296453 0.9491593215875904 0.06983928226228864 1.0770763158798218
0.20928484504614941 -0.1389022973037899 0.967939049084148 -60.306922912597656
0 0 0 1
