2023-09-16 00:15:15 10/1000: mse=0.22075, angle_error=0.00e+00, t_error=5.000e-01,lr=9.95e-03, alpha=6.07e-01,
R,t=[[ 0.05444226 -0.85748094  0.51162714  0.04995285]
 [ 0.9985053   0.04922987 -0.02374229  0.12712279]
 [-0.00482877  0.512155    0.8588795  -0.00106945]]
ref=[[ 0.05433223 -0.85746783  0.5116609  -0.45007837]
 [ 0.99851084  0.04917696 -0.02361653  0.12704276]
 [-0.00491151  0.51218206  0.8588629  -0.00106776]]
2023-09-16 00:15:55 20/1000: mse=0.22369, angle_error=9.77e-04, t_error=4.994e-01,lr=9.90e-03, alpha=6.14e-01,
2023-09-16 00:15:57 30/1000: mse=0.22728, angle_error=9.77e-04, t_error=4.997e-01,lr=9.85e-03, alpha=6.21e-01,
2023-09-16 00:15:59 40/1000: mse=0.22540, angle_error=8.46e-04, t_error=5.001e-01,lr=9.80e-03, alpha=6.28e-01,
2023-09-16 00:16:01 50/1000: mse=0.22431, angle_error=1.83e-03, t_error=5.006e-01,lr=9.75e-03, alpha=6.35e-01,
2023-09-16 00:16:03 60/1000: mse=0.22048, angle_error=1.29e-03, t_error=5.006e-01,lr=9.70e-03, alpha=6.42e-01,
2023-09-16 00:16:04 70/1000: mse=0.21872, angle_error=8.67e-03, t_error=5.058e-01,lr=9.65e-03, alpha=6.49e-01,
2023-09-16 00:16:06 80/1000: mse=0.20921, angle_error=2.04e-02, t_error=5.157e-01,lr=9.60e-03, alpha=6.56e-01,
2023-09-16 00:16:08 90/1000: mse=0.19054, angle_error=3.80e-02, t_error=5.318e-01,lr=9.55e-03, alpha=6.63e-01,
2023-09-16 00:16:10 100/1000: mse=0.17647, angle_error=5.00e-02, t_error=5.471e-01,lr=9.50e-03, alpha=6.70e-01,
R,t=[[ 0.07384924 -0.8777841   0.47331387  0.09561685]
 [ 0.9971227   0.07308117 -0.02003498  0.11828382]
 [-0.01699819  0.47343147  0.88065845 -0.03885339]]
ref=[[ 0.05433223 -0.85746783  0.5116609  -0.45007837]
 [ 0.99851084  0.04917696 -0.02361653  0.12704276]
 [-0.00491151  0.51218206  0.8588629  -0.00106776]]
2023-09-16 00:16:41 110/1000: mse=0.16843, angle_error=6.35e-02, t_error=5.651e-01,lr=9.45e-03, alpha=6.77e-01,
2023-09-16 00:16:43 120/1000: mse=0.15717, angle_error=7.71e-02, t_error=5.761e-01,lr=9.41e-03, alpha=6.84e-01,
2023-09-16 00:16:45 130/1000: mse=0.13800, angle_error=8.80e-02, t_error=5.842e-01,lr=9.36e-03, alpha=6.91e-01,
2023-09-16 00:16:47 140/1000: mse=0.11633, angle_error=1.04e-01, t_error=5.924e-01,lr=9.31e-03, alpha=6.98e-01,
2023-09-16 00:16:49 150/1000: mse=0.10735, angle_error=1.04e-01, t_error=5.828e-01,lr=9.26e-03, alpha=7.05e-01,
2023-09-16 00:16:51 160/1000: mse=0.10210, angle_error=1.13e-01, t_error=5.857e-01,lr=9.22e-03, alpha=7.12e-01,
2023-09-16 00:16:53 170/1000: mse=0.10522, angle_error=1.25e-01, t_error=5.983e-01,lr=9.17e-03, alpha=7.19e-01,
2023-09-16 00:16:55 180/1000: mse=0.09962, angle_error=1.17e-01, t_error=6.003e-01,lr=9.12e-03, alpha=7.26e-01,
2023-09-16 00:16:57 190/1000: mse=0.10133, angle_error=1.03e-01, t_error=5.921e-01,lr=9.08e-03, alpha=7.33e-01,
2023-09-16 00:16:58 200/1000: mse=0.09773, angle_error=1.02e-01, t_error=5.930e-01,lr=9.03e-03, alpha=7.40e-01,
R,t=[[ 0.00376633 -0.8915616   0.4527588   0.1374342 ]
 [ 0.9982043   0.03001603  0.05093243  0.05688824]
 [-0.05905713  0.4518134   0.89008886 -0.04038049]]
ref=[[ 0.05433223 -0.85746783  0.5116609  -0.45007837]
 [ 0.99851084  0.04917696 -0.02361653  0.12704276]
 [-0.00491151  0.51218206  0.8588629  -0.00106776]]
2023-09-16 00:17:30 210/1000: mse=0.09687, angle_error=1.11e-01, t_error=6.042e-01,lr=8.98e-03, alpha=7.47e-01,
2023-09-16 00:17:32 220/1000: mse=0.09399, angle_error=1.06e-01, t_error=5.955e-01,lr=8.94e-03, alpha=7.54e-01,
2023-09-16 00:17:34 230/1000: mse=0.09332, angle_error=1.01e-01, t_error=5.864e-01,lr=8.89e-03, alpha=7.61e-01,
2023-09-16 00:17:35 240/1000: mse=0.08672, angle_error=1.01e-01, t_error=5.890e-01,lr=8.85e-03, alpha=7.68e-01,
2023-09-16 00:17:37 250/1000: mse=0.08386, angle_error=9.78e-02, t_error=5.995e-01,lr=8.80e-03, alpha=7.75e-01,
2023-09-16 00:17:39 260/1000: mse=0.08452, angle_error=9.43e-02, t_error=6.057e-01,lr=8.76e-03, alpha=7.82e-01,
2023-09-16 00:17:41 270/1000: mse=0.08855, angle_error=8.90e-02, t_error=5.960e-01,lr=8.71e-03, alpha=7.89e-01,
2023-09-16 00:17:43 280/1000: mse=0.09972, angle_error=7.91e-02, t_error=5.855e-01,lr=8.67e-03, alpha=7.96e-01,
2023-09-16 00:17:45 290/1000: mse=0.08618, angle_error=8.71e-02, t_error=5.959e-01,lr=8.62e-03, alpha=8.03e-01,
2023-09-16 00:17:47 300/1000: mse=0.08456, angle_error=9.72e-02, t_error=6.195e-01,lr=8.58e-03, alpha=8.10e-01,
R,t=[[ 0.01896097 -0.88384604  0.4673177   0.15770382]
 [ 0.9968509   0.05228615  0.05858527  0.01017761]
 [-0.07625129  0.46478912  0.8820514   0.02624609]]
ref=[[ 0.05433223 -0.85746783  0.5116609  -0.45007837]
 [ 0.99851084  0.04917696 -0.02361653  0.12704276]
 [-0.00491151  0.51218206  0.8588629  -0.00106776]]
2023-09-16 00:18:18 310/1000: mse=0.08080, angle_error=9.21e-02, t_error=6.298e-01,lr=8.54e-03, alpha=8.17e-01,
2023-09-16 00:18:20 320/1000: mse=0.08429, angle_error=9.82e-02, t_error=6.445e-01,lr=8.49e-03, alpha=8.24e-01,
2023-09-16 00:18:22 330/1000: mse=0.08240, angle_error=8.74e-02, t_error=6.359e-01,lr=8.45e-03, alpha=8.31e-01,
2023-09-16 00:18:24 340/1000: mse=0.08363, angle_error=8.28e-02, t_error=6.285e-01,lr=8.41e-03, alpha=8.38e-01,
2023-09-16 00:18:26 350/1000: mse=0.08111, angle_error=8.22e-02, t_error=6.284e-01,lr=8.36e-03, alpha=8.45e-01,
2023-09-16 00:18:28 360/1000: mse=0.07731, angle_error=8.14e-02, t_error=6.306e-01,lr=8.32e-03, alpha=8.52e-01,
2023-09-16 00:18:29 370/1000: mse=0.07678, angle_error=8.05e-02, t_error=6.319e-01,lr=8.28e-03, alpha=8.59e-01,
2023-09-16 00:18:31 380/1000: mse=0.09016, angle_error=9.68e-02, t_error=6.522e-01,lr=8.24e-03, alpha=8.66e-01,
2023-09-16 00:18:33 390/1000: mse=0.07814, angle_error=9.29e-02, t_error=6.573e-01,lr=8.19e-03, alpha=8.73e-01,
2023-09-16 00:18:35 400/1000: mse=0.07639, angle_error=7.63e-02, t_error=6.458e-01,lr=8.15e-03, alpha=8.80e-01,
R,t=[[ 0.03961589 -0.8807737   0.47182766  0.17552963]
 [ 0.9973378   0.06347746  0.03486751 -0.01291643]
 [-0.06067659  0.46920836  0.88093907  0.07659288]]
ref=[[ 0.05433223 -0.85746783  0.5116609  -0.45007837]
 [ 0.99851084  0.04917696 -0.02361653  0.12704276]
 [-0.00491151  0.51218206  0.8588629  -0.00106776]]
2023-09-16 00:19:06 410/1000: mse=0.07372, angle_error=7.60e-02, t_error=6.458e-01,lr=8.11e-03, alpha=8.87e-01,
2023-09-16 00:19:08 420/1000: mse=0.07173, angle_error=7.68e-02, t_error=6.425e-01,lr=8.07e-03, alpha=8.94e-01,
2023-09-16 00:19:10 430/1000: mse=0.07753, angle_error=8.19e-02, t_error=6.534e-01,lr=8.03e-03, alpha=9.01e-01,
2023-09-16 00:19:12 440/1000: mse=0.07364, angle_error=7.30e-02, t_error=6.537e-01,lr=7.99e-03, alpha=9.08e-01,
2023-09-16 00:19:14 450/1000: mse=0.07678, angle_error=6.98e-02, t_error=6.586e-01,lr=7.95e-03, alpha=9.15e-01,
2023-09-16 00:19:16 460/1000: mse=0.07738, angle_error=7.60e-02, t_error=6.786e-01,lr=7.91e-03, alpha=9.22e-01,
2023-09-16 00:19:18 470/1000: mse=0.07149, angle_error=7.45e-02, t_error=6.997e-01,lr=7.87e-03, alpha=9.29e-01,
2023-09-16 00:19:20 480/1000: mse=0.07176, angle_error=7.29e-02, t_error=7.078e-01,lr=7.83e-03, alpha=9.36e-01,
2023-09-16 00:19:22 490/1000: mse=0.08118, angle_error=6.13e-02, t_error=6.921e-01,lr=7.79e-03, alpha=9.43e-01,
2023-09-16 00:19:23 500/1000: mse=0.07407, angle_error=6.35e-02, t_error=6.943e-01,lr=7.75e-03, alpha=9.50e-01,
R,t=[[ 0.05223242 -0.87645966  0.47859257  0.20974201]
 [ 0.9972271   0.07089616  0.02110538 -0.05379665]
 [-0.05243192  0.47616673  0.87773055  0.11729205]]
ref=[[ 0.05433223 -0.85746783  0.5116609  -0.45007837]
 [ 0.99851084  0.04917696 -0.02361653  0.12704276]
 [-0.00491151  0.51218206  0.8588629  -0.00106776]]
2023-09-16 00:19:55 510/1000: mse=0.06996, angle_error=7.17e-02, t_error=7.057e-01,lr=7.71e-03, alpha=9.57e-01,
2023-09-16 00:19:57 520/1000: mse=0.06991, angle_error=7.02e-02, t_error=7.027e-01,lr=7.67e-03, alpha=9.64e-01,
2023-09-16 00:19:59 530/1000: mse=0.07266, angle_error=7.33e-02, t_error=7.057e-01,lr=7.63e-03, alpha=9.71e-01,
2023-09-16 00:20:00 540/1000: mse=0.07820, angle_error=8.35e-02, t_error=7.235e-01,lr=7.59e-03, alpha=9.78e-01,
2023-09-16 00:20:02 550/1000: mse=0.07531, angle_error=7.63e-02, t_error=7.137e-01,lr=7.55e-03, alpha=9.85e-01,
2023-09-16 00:20:04 560/1000: mse=0.07578, angle_error=6.70e-02, t_error=7.060e-01,lr=7.51e-03, alpha=9.92e-01,
2023-09-16 00:20:06 570/1000: mse=0.07227, angle_error=7.10e-02, t_error=7.174e-01,lr=7.47e-03, alpha=9.99e-01,
2023-09-16 00:20:08 580/1000: mse=0.07274, angle_error=7.16e-02, t_error=7.199e-01,lr=7.44e-03, alpha=1.00e+00,
2023-09-16 00:20:10 590/1000: mse=0.07424, angle_error=7.22e-02, t_error=7.249e-01,lr=7.40e-03, alpha=1.00e+00,
2023-09-16 00:20:12 600/1000: mse=0.07193, angle_error=7.44e-02, t_error=7.280e-01,lr=7.36e-03, alpha=1.00e+00,
R,t=[[ 0.06792076 -0.8822543   0.46575683  0.23684311]
 [ 0.9963366   0.08393521  0.01386196 -0.08639258]
 [-0.05130377  0.46309716  0.88473535  0.11097474]]
ref=[[ 0.05433223 -0.85746783  0.5116609  -0.45007837]
 [ 0.99851084  0.04917696 -0.02361653  0.12704276]
 [-0.00491151  0.51218206  0.8588629  -0.00106776]]
2023-09-16 00:20:43 610/1000: mse=0.07446, angle_error=6.87e-02, t_error=7.177e-01,lr=7.32e-03, alpha=1.00e+00,
2023-09-16 00:20:45 620/1000: mse=0.07340, angle_error=6.19e-02, t_error=7.062e-01,lr=7.29e-03, alpha=1.00e+00,
2023-09-16 00:20:47 630/1000: mse=0.07237, angle_error=6.97e-02, t_error=7.235e-01,lr=7.25e-03, alpha=1.00e+00,
2023-09-16 00:20:49 640/1000: mse=0.06896, angle_error=7.05e-02, t_error=7.274e-01,lr=7.21e-03, alpha=1.00e+00,
2023-09-16 00:20:50 650/1000: mse=0.06761, angle_error=6.71e-02, t_error=7.228e-01,lr=7.17e-03, alpha=1.00e+00,
2023-09-16 00:20:52 660/1000: mse=0.06891, angle_error=7.04e-02, t_error=7.355e-01,lr=7.14e-03, alpha=1.00e+00,
2023-09-16 00:20:54 670/1000: mse=0.06964, angle_error=6.46e-02, t_error=7.384e-01,lr=7.10e-03, alpha=1.00e+00,
2023-09-16 00:20:56 680/1000: mse=0.06667, angle_error=5.47e-02, t_error=7.291e-01,lr=7.07e-03, alpha=1.00e+00,
2023-09-16 00:20:58 690/1000: mse=0.06762, angle_error=5.82e-02, t_error=7.405e-01,lr=7.03e-03, alpha=1.00e+00,
2023-09-16 00:21:00 700/1000: mse=0.06880, angle_error=5.44e-02, t_error=7.380e-01,lr=6.99e-03, alpha=1.00e+00,
R,t=[[ 0.05518981 -0.8778022   0.47578135  0.24215345]
 [ 0.99777913  0.0660593   0.00622299 -0.08908147]
 [-0.03689237  0.4743813   0.8794987   0.1357271 ]]
ref=[[ 0.05433223 -0.85746783  0.5116609  -0.45007837]
 [ 0.99851084  0.04917696 -0.02361653  0.12704276]
 [-0.00491151  0.51218206  0.8588629  -0.00106776]]
2023-09-16 00:21:31 710/1000: mse=0.07346, angle_error=4.77e-02, t_error=7.329e-01,lr=6.96e-03, alpha=1.00e+00,
2023-09-16 00:21:33 720/1000: mse=0.07181, angle_error=4.43e-02, t_error=7.269e-01,lr=6.92e-03, alpha=1.00e+00,
2023-09-16 00:21:35 730/1000: mse=0.07063, angle_error=5.35e-02, t_error=7.346e-01,lr=6.89e-03, alpha=1.00e+00,
2023-09-16 00:21:37 740/1000: mse=0.07535, angle_error=5.75e-02, t_error=7.433e-01,lr=6.85e-03, alpha=1.00e+00,
2023-09-16 00:21:39 750/1000: mse=0.07464, angle_error=5.35e-02, t_error=7.454e-01,lr=6.82e-03, alpha=1.00e+00,
2023-09-16 00:21:40 760/1000: mse=0.06678, angle_error=5.09e-02, t_error=7.600e-01,lr=6.78e-03, alpha=1.00e+00,
2023-09-16 00:21:42 770/1000: mse=0.07350, angle_error=4.96e-02, t_error=7.775e-01,lr=6.75e-03, alpha=1.00e+00,
2023-09-16 00:21:44 780/1000: mse=0.07016, angle_error=3.79e-02, t_error=7.655e-01,lr=6.71e-03, alpha=1.00e+00,
2023-09-16 00:21:46 790/1000: mse=0.07940, angle_error=2.96e-02, t_error=7.455e-01,lr=6.68e-03, alpha=1.00e+00,
2023-09-16 00:21:48 800/1000: mse=0.07270, angle_error=3.64e-02, t_error=7.615e-01,lr=6.65e-03, alpha=1.00e+00,
R,t=[[ 0.04970868 -0.87141544  0.48799416  0.25419906]
 [ 0.99841726  0.05605979 -0.00155326 -0.11055657]
 [-0.02600816  0.48730248  0.8728218   0.1646792 ]]
ref=[[ 0.05433223 -0.85746783  0.5116609  -0.45007837]
 [ 0.99851084  0.04917696 -0.02361653  0.12704276]
 [-0.00491151  0.51218206  0.8588629  -0.00106776]]
2023-09-16 00:22:19 810/1000: mse=0.07769, angle_error=4.87e-02, t_error=7.871e-01,lr=6.61e-03, alpha=1.00e+00,
2023-09-16 00:22:21 820/1000: mse=0.07403, angle_error=4.94e-02, t_error=7.799e-01,lr=6.58e-03, alpha=1.00e+00,
2023-09-16 00:22:23 830/1000: mse=0.07195, angle_error=3.80e-02, t_error=7.545e-01,lr=6.54e-03, alpha=1.00e+00,
2023-09-16 00:22:24 840/1000: mse=0.07428, angle_error=3.26e-02, t_error=7.402e-01,lr=6.51e-03, alpha=1.00e+00,
2023-09-16 00:22:26 850/1000: mse=0.07278, angle_error=3.92e-02, t_error=7.436e-01,lr=6.48e-03, alpha=1.00e+00,
2023-09-16 00:22:28 860/1000: mse=0.07368, angle_error=4.01e-02, t_error=7.328e-01,lr=6.44e-03, alpha=1.00e+00,
2023-09-16 00:22:30 870/1000: mse=0.06655, angle_error=4.63e-02, t_error=7.363e-01,lr=6.41e-03, alpha=1.00e+00,
2023-09-16 00:22:32 880/1000: mse=0.07119, angle_error=4.86e-02, t_error=7.312e-01,lr=6.38e-03, alpha=1.00e+00,
2023-09-16 00:22:34 890/1000: mse=0.06926, angle_error=4.81e-02, t_error=7.239e-01,lr=6.35e-03, alpha=1.00e+00,
2023-09-16 00:22:36 900/1000: mse=0.06474, angle_error=4.87e-02, t_error=7.237e-01,lr=6.31e-03, alpha=1.00e+00,
R,t=[[ 0.03729065 -0.87759995  0.477896    0.23002398]
 [ 0.9989822   0.04470427  0.00418467 -0.08736311]
 [-0.02505311  0.4772643   0.8783759   0.12212927]]
ref=[[ 0.05433223 -0.85746783  0.5116609  -0.45007837]
 [ 0.99851084  0.04917696 -0.02361653  0.12704276]
 [-0.00491151  0.51218206  0.8588629  -0.00106776]]
2023-09-16 00:23:07 910/1000: mse=0.07513, angle_error=5.75e-02, t_error=7.436e-01,lr=6.28e-03, alpha=1.00e+00,
2023-09-16 00:23:08 920/1000: mse=0.07093, angle_error=5.01e-02, t_error=7.370e-01,lr=6.25e-03, alpha=1.00e+00,
2023-09-16 00:23:10 930/1000: mse=0.07648, angle_error=4.28e-02, t_error=7.166e-01,lr=6.22e-03, alpha=1.00e+00,
2023-09-16 00:23:12 940/1000: mse=0.08128, angle_error=4.08e-02, t_error=7.043e-01,lr=6.19e-03, alpha=1.00e+00,
2023-09-16 00:23:14 950/1000: mse=0.07531, angle_error=4.63e-02, t_error=7.101e-01,lr=6.16e-03, alpha=1.00e+00,
2023-09-16 00:23:16 960/1000: mse=0.06957, angle_error=5.40e-02, t_error=7.223e-01,lr=6.12e-03, alpha=1.00e+00,
2023-09-16 00:23:18 970/1000: mse=0.07865, angle_error=6.14e-02, t_error=7.383e-01,lr=6.09e-03, alpha=1.00e+00,
2023-09-16 00:23:20 980/1000: mse=0.07662, angle_error=4.72e-02, t_error=7.146e-01,lr=6.06e-03, alpha=1.00e+00,
2023-09-16 00:23:22 990/1000: mse=0.07270, angle_error=4.72e-02, t_error=7.173e-01,lr=6.03e-03, alpha=1.00e+00,
2023-09-16 00:23:24 1000/1000: mse=0.06804, angle_error=4.37e-02, t_error=7.186e-01,lr=6.00e-03, alpha=1.00e+00,
R,t=[[ 0.04616534 -0.87485415  0.48215362  0.2263955 ]
 [ 0.9985292   0.05402031  0.00244918 -0.08219095]
 [-0.02819547  0.48133603  0.8760605   0.12162172]]
ref=[[ 0.05433223 -0.85746783  0.5116609  -0.45007837]
 [ 0.99851084  0.04917696 -0.02361653  0.12704276]
 [-0.00491151  0.51218206  0.8588629  -0.00106776]]
