2023-09-16 00:24:17 10/1000: mse=0.22243, angle_error=3.24e-03, t_error=5.029e-01,lr=9.95e-03, alpha=6.07e-01,
R,t=[[ 0.05339608 -0.8588848   0.5093777   0.05280922]
 [ 0.9985682   0.04758222 -0.02444548  0.12836468]
 [-0.00324147  0.5099537   0.86019576 -0.00313443]]
ref=[[ 0.05433223 -0.85746783  0.5116609  -0.45007837]
 [ 0.99851084  0.04917696 -0.02361653  0.12704276]
 [-0.00491151  0.51218206  0.8588629  -0.00106776]]
2023-09-16 00:24:57 20/1000: mse=0.21452, angle_error=9.94e-03, t_error=5.090e-01,lr=9.90e-03, alpha=6.14e-01,
2023-09-16 00:24:59 30/1000: mse=0.19687, angle_error=2.17e-02, t_error=5.206e-01,lr=9.85e-03, alpha=6.21e-01,
2023-09-16 00:25:01 40/1000: mse=0.17819, angle_error=4.25e-02, t_error=5.405e-01,lr=9.80e-03, alpha=6.28e-01,
2023-09-16 00:25:03 50/1000: mse=0.15969, angle_error=7.45e-02, t_error=5.700e-01,lr=9.75e-03, alpha=6.35e-01,
2023-09-16 00:25:05 60/1000: mse=0.14915, angle_error=1.18e-01, t_error=6.095e-01,lr=9.70e-03, alpha=6.42e-01,
2023-09-16 00:25:07 70/1000: mse=0.14384, angle_error=1.38e-01, t_error=6.206e-01,lr=9.65e-03, alpha=6.49e-01,
2023-09-16 00:25:09 80/1000: mse=0.13303, angle_error=1.56e-01, t_error=6.270e-01,lr=9.60e-03, alpha=6.56e-01,
2023-09-16 00:25:10 90/1000: mse=0.11762, angle_error=1.63e-01, t_error=6.232e-01,lr=9.55e-03, alpha=6.63e-01,
2023-09-16 00:25:12 100/1000: mse=0.11533, angle_error=1.61e-01, t_error=6.187e-01,lr=9.50e-03, alpha=6.70e-01,
R,t=[[-0.05772235 -0.90113074  0.42912602  0.16303536]
 [ 0.99586016 -0.02313873  0.08565909  0.06839458]
 [-0.06750414  0.4325766   0.898917   -0.06010431]]
ref=[[ 0.05433223 -0.85746783  0.5116609  -0.45007837]
 [ 0.99851084  0.04917696 -0.02361653  0.12704276]
 [-0.00491151  0.51218206  0.8588629  -0.00106776]]
2023-09-16 00:25:43 110/1000: mse=0.10716, angle_error=1.42e-01, t_error=6.099e-01,lr=9.45e-03, alpha=6.77e-01,
2023-09-16 00:25:45 120/1000: mse=0.09547, angle_error=1.14e-01, t_error=5.952e-01,lr=9.41e-03, alpha=6.84e-01,
2023-09-16 00:25:47 130/1000: mse=0.09313, angle_error=1.17e-01, t_error=5.986e-01,lr=9.36e-03, alpha=6.91e-01,
2023-09-16 00:25:49 140/1000: mse=0.09482, angle_error=1.28e-01, t_error=6.103e-01,lr=9.31e-03, alpha=6.98e-01,
2023-09-16 00:25:51 150/1000: mse=0.08575, angle_error=1.19e-01, t_error=6.103e-01,lr=9.26e-03, alpha=7.05e-01,
2023-09-16 00:25:52 160/1000: mse=0.08803, angle_error=1.01e-01, t_error=6.066e-01,lr=9.22e-03, alpha=7.12e-01,
2023-09-16 00:25:54 170/1000: mse=0.09141, angle_error=9.63e-02, t_error=6.066e-01,lr=9.17e-03, alpha=7.19e-01,
2023-09-16 00:25:56 180/1000: mse=0.09140, angle_error=9.46e-02, t_error=6.038e-01,lr=9.12e-03, alpha=7.26e-01,
2023-09-16 00:25:58 190/1000: mse=0.09014, angle_error=1.08e-01, t_error=6.263e-01,lr=9.08e-03, alpha=7.33e-01,
2023-09-16 00:26:00 200/1000: mse=0.08077, angle_error=1.04e-01, t_error=6.384e-01,lr=9.03e-03, alpha=7.40e-01,
R,t=[[-0.00768925 -0.88506716  0.46519235  0.17484434]
 [ 0.9977197   0.02352908  0.06145347  0.01009589]
 [-0.06543694  0.46475562  0.8829129   0.05698047]]
ref=[[ 0.05433223 -0.85746783  0.5116609  -0.45007837]
 [ 0.99851084  0.04917696 -0.02361653  0.12704276]
 [-0.00491151  0.51218206  0.8588629  -0.00106776]]
2023-09-16 00:26:31 210/1000: mse=0.08233, angle_error=1.04e-01, t_error=6.441e-01,lr=8.98e-03, alpha=7.47e-01,
2023-09-16 00:26:33 220/1000: mse=0.08203, angle_error=1.12e-01, t_error=6.578e-01,lr=8.94e-03, alpha=7.54e-01,
2023-09-16 00:26:34 230/1000: mse=0.08006, angle_error=1.07e-01, t_error=6.589e-01,lr=8.89e-03, alpha=7.61e-01,
2023-09-16 00:26:36 240/1000: mse=0.08117, angle_error=9.91e-02, t_error=6.585e-01,lr=8.85e-03, alpha=7.68e-01,
2023-09-16 00:26:38 250/1000: mse=0.08034, angle_error=9.42e-02, t_error=6.448e-01,lr=8.80e-03, alpha=7.75e-01,
2023-09-16 00:26:40 260/1000: mse=0.07974, angle_error=9.54e-02, t_error=6.439e-01,lr=8.76e-03, alpha=7.82e-01,
2023-09-16 00:26:42 270/1000: mse=0.08333, angle_error=9.12e-02, t_error=6.480e-01,lr=8.71e-03, alpha=7.89e-01,
2023-09-16 00:26:44 280/1000: mse=0.07946, angle_error=7.68e-02, t_error=6.369e-01,lr=8.67e-03, alpha=7.96e-01,
2023-09-16 00:26:46 290/1000: mse=0.07557, angle_error=8.14e-02, t_error=6.458e-01,lr=8.62e-03, alpha=8.03e-01,
2023-09-16 00:26:48 300/1000: mse=0.08232, angle_error=9.47e-02, t_error=6.631e-01,lr=8.58e-03, alpha=8.10e-01,
R,t=[[-8.2724393e-05 -8.7921602e-01  4.7629157e-01  1.9415137e-01]
 [ 9.9762976e-01  3.1971395e-02  5.9332557e-02 -1.3910025e-02]
 [-6.7458481e-02  4.7528934e-01  8.7715399e-01  6.7786619e-02]]
ref=[[ 0.05433223 -0.85746783  0.5116609  -0.45007837]
 [ 0.99851084  0.04917696 -0.02361653  0.12704276]
 [-0.00491151  0.51218206  0.8588629  -0.00106776]]
2023-09-16 00:27:18 310/1000: mse=0.07953, angle_error=9.19e-02, t_error=6.660e-01,lr=8.54e-03, alpha=8.17e-01,
2023-09-16 00:27:20 320/1000: mse=0.07924, angle_error=7.87e-02, t_error=6.619e-01,lr=8.49e-03, alpha=8.24e-01,
2023-09-16 00:27:22 330/1000: mse=0.07930, angle_error=7.15e-02, t_error=6.614e-01,lr=8.45e-03, alpha=8.31e-01,
2023-09-16 00:27:24 340/1000: mse=0.07656, angle_error=7.35e-02, t_error=6.636e-01,lr=8.41e-03, alpha=8.38e-01,
2023-09-16 00:27:26 350/1000: mse=0.07732, angle_error=7.92e-02, t_error=6.730e-01,lr=8.36e-03, alpha=8.45e-01,
2023-09-16 00:27:28 360/1000: mse=0.07565, angle_error=7.21e-02, t_error=6.750e-01,lr=8.32e-03, alpha=8.52e-01,
2023-09-16 00:27:30 370/1000: mse=0.07414, angle_error=7.03e-02, t_error=6.810e-01,lr=8.28e-03, alpha=8.59e-01,
2023-09-16 00:27:32 380/1000: mse=0.07290, angle_error=6.81e-02, t_error=6.882e-01,lr=8.24e-03, alpha=8.66e-01,
2023-09-16 00:27:34 390/1000: mse=0.07040, angle_error=7.72e-02, t_error=7.036e-01,lr=8.19e-03, alpha=8.73e-01,
2023-09-16 00:27:35 400/1000: mse=0.06907, angle_error=8.10e-02, t_error=7.067e-01,lr=8.15e-03, alpha=8.80e-01,
R,t=[[ 0.04595833 -0.8765619   0.47903952  0.22786851]
 [ 0.9962279   0.07498417  0.04180714 -0.04403877]
 [-0.07258005  0.47533116  0.87669325  0.1016852 ]]
ref=[[ 0.05433223 -0.85746783  0.5116609  -0.45007837]
 [ 0.99851084  0.04917696 -0.02361653  0.12704276]
 [-0.00491151  0.51218206  0.8588629  -0.00106776]]
2023-09-16 00:28:06 410/1000: mse=0.06887, angle_error=8.25e-02, t_error=7.079e-01,lr=8.11e-03, alpha=8.87e-01,
2023-09-16 00:28:08 420/1000: mse=0.07760, angle_error=8.23e-02, t_error=7.069e-01,lr=8.07e-03, alpha=8.94e-01,
2023-09-16 00:28:10 430/1000: mse=0.07693, angle_error=7.31e-02, t_error=6.930e-01,lr=8.03e-03, alpha=9.01e-01,
2023-09-16 00:28:12 440/1000: mse=0.07826, angle_error=6.84e-02, t_error=6.916e-01,lr=7.99e-03, alpha=9.08e-01,
2023-09-16 00:28:14 450/1000: mse=0.07600, angle_error=6.60e-02, t_error=6.874e-01,lr=7.95e-03, alpha=9.15e-01,
2023-09-16 00:28:16 460/1000: mse=0.07387, angle_error=6.82e-02, t_error=6.909e-01,lr=7.91e-03, alpha=9.22e-01,
2023-09-16 00:28:18 470/1000: mse=0.07393, angle_error=6.42e-02, t_error=6.892e-01,lr=7.87e-03, alpha=9.29e-01,
2023-09-16 00:28:19 480/1000: mse=0.07431, angle_error=6.38e-02, t_error=7.023e-01,lr=7.83e-03, alpha=9.36e-01,
2023-09-16 00:28:21 490/1000: mse=0.07312, angle_error=5.39e-02, t_error=7.062e-01,lr=7.79e-03, alpha=9.43e-01,
2023-09-16 00:28:23 500/1000: mse=0.07931, angle_error=4.49e-02, t_error=7.011e-01,lr=7.75e-03, alpha=9.50e-01,
R,t=[[ 0.02333788 -0.8685017   0.495097    0.2241273 ]
 [ 0.99929416  0.0344548   0.01336356 -0.04347557]
 [-0.02868345  0.49446818  0.8687062   0.08787041]]
ref=[[ 0.05433223 -0.85746783  0.5116609  -0.45007837]
 [ 0.99851084  0.04917696 -0.02361653  0.12704276]
 [-0.00491151  0.51218206  0.8588629  -0.00106776]]
2023-09-16 00:28:54 510/1000: mse=0.07303, angle_error=4.86e-02, t_error=7.078e-01,lr=7.71e-03, alpha=9.57e-01,
2023-09-16 00:28:56 520/1000: mse=0.07224, angle_error=4.65e-02, t_error=7.108e-01,lr=7.67e-03, alpha=9.64e-01,
2023-09-16 00:28:58 530/1000: mse=0.07376, angle_error=4.49e-02, t_error=7.069e-01,lr=7.63e-03, alpha=9.71e-01,
2023-09-16 00:29:00 540/1000: mse=0.06932, angle_error=4.76e-02, t_error=7.062e-01,lr=7.59e-03, alpha=9.78e-01,
2023-09-16 00:29:01 550/1000: mse=0.06976, angle_error=5.09e-02, t_error=7.145e-01,lr=7.55e-03, alpha=9.85e-01,
2023-09-16 00:29:03 560/1000: mse=0.07279, angle_error=4.54e-02, t_error=7.227e-01,lr=7.51e-03, alpha=9.92e-01,
2023-09-16 00:29:05 570/1000: mse=0.06551, angle_error=3.72e-02, t_error=7.298e-01,lr=7.47e-03, alpha=9.99e-01,
2023-09-16 00:29:07 580/1000: mse=0.07045, angle_error=3.45e-02, t_error=7.210e-01,lr=7.44e-03, alpha=1.00e+00,
2023-09-16 00:29:09 590/1000: mse=0.07696, angle_error=2.91e-02, t_error=6.979e-01,lr=7.40e-03, alpha=1.00e+00,
2023-09-16 00:29:11 600/1000: mse=0.07184, angle_error=3.12e-02, t_error=6.978e-01,lr=7.36e-03, alpha=1.00e+00,
R,t=[[ 0.03118126 -0.86180115  0.50626934  0.2135191 ]
 [ 0.9992215   0.03883412  0.00457082 -0.07374793]
 [-0.02360508  0.5057524   0.8623486   0.07759145]]
ref=[[ 0.05433223 -0.85746783  0.5116609  -0.45007837]
 [ 0.99851084  0.04917696 -0.02361653  0.12704276]
 [-0.00491151  0.51218206  0.8588629  -0.00106776]]
2023-09-16 00:29:42 610/1000: mse=0.07436, angle_error=3.56e-02, t_error=7.221e-01,lr=7.32e-03, alpha=1.00e+00,
2023-09-16 00:29:44 620/1000: mse=0.06905, angle_error=3.16e-02, t_error=7.286e-01,lr=7.29e-03, alpha=1.00e+00,
2023-09-16 00:29:45 630/1000: mse=0.06605, angle_error=2.62e-02, t_error=7.180e-01,lr=7.25e-03, alpha=1.00e+00,
2023-09-16 00:29:47 640/1000: mse=0.07218, angle_error=2.87e-02, t_error=7.269e-01,lr=7.21e-03, alpha=1.00e+00,
2023-09-16 00:29:49 650/1000: mse=0.06660, angle_error=2.88e-02, t_error=7.424e-01,lr=7.17e-03, alpha=1.00e+00,
2023-09-16 00:29:51 660/1000: mse=0.06787, angle_error=2.17e-02, t_error=7.428e-01,lr=7.14e-03, alpha=1.00e+00,
2023-09-16 00:29:53 670/1000: mse=0.06762, angle_error=2.30e-02, t_error=7.367e-01,lr=7.10e-03, alpha=1.00e+00,
2023-09-16 00:29:55 680/1000: mse=0.07040, angle_error=2.90e-02, t_error=7.476e-01,lr=7.07e-03, alpha=1.00e+00,
2023-09-16 00:29:57 690/1000: mse=0.07102, angle_error=2.78e-02, t_error=7.557e-01,lr=7.03e-03, alpha=1.00e+00,
2023-09-16 00:29:59 700/1000: mse=0.07655, angle_error=2.65e-02, t_error=7.428e-01,lr=6.99e-03, alpha=1.00e+00,
R,t=[[ 0.07305562 -0.8623913   0.5009268   0.24974333]
 [ 0.997158    0.07218985 -0.02113392 -0.0971593 ]
 [-0.01792822  0.501046    0.8652285   0.10744505]]
ref=[[ 0.05433223 -0.85746783  0.5116609  -0.45007837]
 [ 0.99851084  0.04917696 -0.02361653  0.12704276]
 [-0.00491151  0.51218206  0.8588629  -0.00106776]]
2023-09-16 00:30:29 710/1000: mse=0.08181, angle_error=3.31e-02, t_error=7.346e-01,lr=6.96e-03, alpha=1.00e+00,
2023-09-16 00:30:31 720/1000: mse=0.07935, angle_error=4.32e-02, t_error=7.657e-01,lr=6.92e-03, alpha=1.00e+00,
2023-09-16 00:30:33 730/1000: mse=0.07887, angle_error=4.57e-02, t_error=7.635e-01,lr=6.89e-03, alpha=1.00e+00,
2023-09-16 00:30:35 740/1000: mse=0.07109, angle_error=4.32e-02, t_error=7.476e-01,lr=6.85e-03, alpha=1.00e+00,
2023-09-16 00:30:37 750/1000: mse=0.06681, angle_error=4.06e-02, t_error=7.428e-01,lr=6.82e-03, alpha=1.00e+00,
2023-09-16 00:30:39 760/1000: mse=0.07170, angle_error=3.58e-02, t_error=7.333e-01,lr=6.78e-03, alpha=1.00e+00,
2023-09-16 00:30:41 770/1000: mse=0.07320, angle_error=3.58e-02, t_error=7.488e-01,lr=6.75e-03, alpha=1.00e+00,
2023-09-16 00:30:43 780/1000: mse=0.07400, angle_error=3.47e-02, t_error=7.541e-01,lr=6.71e-03, alpha=1.00e+00,
2023-09-16 00:30:45 790/1000: mse=0.06616, angle_error=2.30e-02, t_error=7.537e-01,lr=6.68e-03, alpha=1.00e+00,
2023-09-16 00:30:46 800/1000: mse=0.07491, angle_error=1.46e-02, t_error=7.545e-01,lr=6.65e-03, alpha=1.00e+00,
R,t=[[ 0.05239493 -0.86036825  0.50697124  0.25892416]
 [ 0.9984665   0.05412541 -0.01133018 -0.10484025]
 [-0.01769237  0.5067884   0.86188453  0.11193144]]
ref=[[ 0.05433223 -0.85746783  0.5116609  -0.45007837]
 [ 0.99851084  0.04917696 -0.02361653  0.12704276]
 [-0.00491151  0.51218206  0.8588629  -0.00106776]]
2023-09-16 00:31:17 810/1000: mse=0.06694, angle_error=1.39e-02, t_error=7.624e-01,lr=6.61e-03, alpha=1.00e+00,
2023-09-16 00:31:19 820/1000: mse=0.06841, angle_error=1.63e-02, t_error=7.625e-01,lr=6.58e-03, alpha=1.00e+00,
2023-09-16 00:31:21 830/1000: mse=0.07070, angle_error=1.39e-02, t_error=7.462e-01,lr=6.54e-03, alpha=1.00e+00,
2023-09-16 00:31:23 840/1000: mse=0.06806, angle_error=1.42e-02, t_error=7.459e-01,lr=6.51e-03, alpha=1.00e+00,
2023-09-16 00:31:25 850/1000: mse=0.06781, angle_error=1.40e-02, t_error=7.443e-01,lr=6.48e-03, alpha=1.00e+00,
2023-09-16 00:31:27 860/1000: mse=0.06805, angle_error=1.35e-02, t_error=7.389e-01,lr=6.44e-03, alpha=1.00e+00,
2023-09-16 00:31:28 870/1000: mse=0.06660, angle_error=1.77e-02, t_error=7.396e-01,lr=6.41e-03, alpha=1.00e+00,
2023-09-16 00:31:30 880/1000: mse=0.07384, angle_error=2.34e-02, t_error=7.392e-01,lr=6.38e-03, alpha=1.00e+00,
2023-09-16 00:31:32 890/1000: mse=0.07541, angle_error=3.02e-02, t_error=7.501e-01,lr=6.35e-03, alpha=1.00e+00,
2023-09-16 00:31:34 900/1000: mse=0.07251, angle_error=2.42e-02, t_error=7.592e-01,lr=6.31e-03, alpha=1.00e+00,
R,t=[[ 4.13869731e-02 -8.59141707e-01  5.10054350e-01  2.63250351e-01]
 [ 9.98831689e-01  4.80875261e-02 -4.50406224e-05 -1.14387855e-01]
 [-2.44902372e-02  5.09472787e-01  8.60128880e-01  9.55155641e-02]]
ref=[[ 0.05433223 -0.85746783  0.5116609  -0.45007837]
 [ 0.99851084  0.04917696 -0.02361653  0.12704276]
 [-0.00491151  0.51218206  0.8588629  -0.00106776]]
2023-09-16 00:32:05 910/1000: mse=0.06922, angle_error=1.31e-02, t_error=7.586e-01,lr=6.28e-03, alpha=1.00e+00,
2023-09-16 00:32:07 920/1000: mse=0.06697, angle_error=1.11e-02, t_error=7.547e-01,lr=6.25e-03, alpha=1.00e+00,
2023-09-16 00:32:09 930/1000: mse=0.06668, angle_error=1.25e-02, t_error=7.577e-01,lr=6.22e-03, alpha=1.00e+00,
2023-09-16 00:32:11 940/1000: mse=0.06792, angle_error=1.33e-02, t_error=7.484e-01,lr=6.19e-03, alpha=1.00e+00,
2023-09-16 00:32:12 950/1000: mse=0.06386, angle_error=1.68e-02, t_error=7.496e-01,lr=6.16e-03, alpha=1.00e+00,
2023-09-16 00:32:14 960/1000: mse=0.07214, angle_error=2.00e-02, t_error=7.570e-01,lr=6.12e-03, alpha=1.00e+00,
2023-09-16 00:32:16 970/1000: mse=0.07139, angle_error=1.79e-02, t_error=7.519e-01,lr=6.09e-03, alpha=1.00e+00,
2023-09-16 00:32:18 980/1000: mse=0.07393, angle_error=9.03e-03, t_error=7.337e-01,lr=6.06e-03, alpha=1.00e+00,
2023-09-16 00:32:20 990/1000: mse=0.08756, angle_error=6.39e-03, t_error=7.137e-01,lr=6.03e-03, alpha=1.00e+00,
2023-09-16 00:32:22 1000/1000: mse=0.07271, angle_error=1.59e-02, t_error=7.289e-01,lr=6.00e-03, alpha=1.00e+00,
R,t=[[ 0.04831821 -0.8570657   0.5129351   0.23832437]
 [ 0.99863976  0.05141794 -0.00815816 -0.09738308]
 [-0.01938188  0.51263475  0.8583839   0.08264421]]
ref=[[ 0.05433223 -0.85746783  0.5116609  -0.45007837]
 [ 0.99851084  0.04917696 -0.02361653  0.12704276]
 [-0.00491151  0.51218206  0.8588629  -0.00106776]]
