{
  "camera_model": "OPENCV",
  "k1": 0,
  "k2": 0,
  "p1": 0,
  "p2": 0,
  "fl_x": 929.1975923287254,
  "fl_y": 929.1975923287254,
  "cx": 608.0,
  "cy": 456.0,
  "w": 1216,
  "h": 912,
  "frames": [
    {
      "file_path": "10.JPG",
      "fl_x": 929.1975923287254,
      "fl_y": 929.1975923287254,
      "cx": 608.0,
      "cy": 456.0,
      "w": 1216,
      "h": 912,
      "transform_matrix": [
        [
          0.007864804382863575,
          -0.9999462045588439,
          -0.006762606034791871,
          1.7243564917537044
        ],
        [
          0.9988435668731268,
          0.008176547736596058,
          -0.04737797994090038,
          0.8993062321959907
        ],
        [
          0.04743072599263567,
          -0.006382166988858828,
          0.9988541405912766,
          0.8941212523116806
        ],
        [
          0.0,
          0.0,
          0.0,
          1.0
        ]
      ]
    },
    {
      "file_path": "11.JPG",
      "fl_x": 929.1975923287254,
      "fl_y": 929.1975923287254,
      "cx": 608.0,
      "cy": 456.0,
      "w": 1216,
      "h": 912,
      "transform_matrix": [
        [
          0.0074701918259732535,
          -0.99995134972518,
          -0.006441616014169052,
          1.3312498715486696
        ],
        [
          0.9988610897917714,
          0.007765312273457432,
          -0.047076780107508126,
          0.8840003826668785
        ],
        [
          0.04712451096911398,
          -0.006082607013980779,
          0.9988705032975173,
          0.6707428412162958
        ],
        [
          0.0,
          0.0,
          0.0,
          1.0
        ]
      ]
    },
    {
      "file_path": "12.JPG",
      "fl_x": 929.1975923287254,
      "fl_y": 929.1975923287254,
      "cx": 608.0,
      "cy": 456.0,
      "w": 1216,
      "h": 912,
      "transform_matrix": [
        [
          0.007862278993269285,
          -0.9999544382779711,
          -0.00541349584084175,
          0.9823191645472081
        ],
        [
          0.9988553352335554,
          0.00810884592129874,
          -0.047140915278414984,
          0.8691397156083454
        ],
        [
          0.04718266466080587,
          -0.005036664174972474,
          0.9988735796733713,
          0.4681599956917562
        ],
        [
          0.0,
          0.0,
          0.0,
          1.0
        ]
      ]
    },
    {
      "file_path": "14.JPG",
      "fl_x": 929.1975923287254,
      "fl_y": 929.1975923287254,
      "cx": 608.0,
      "cy": 456.0,
      "w": 1216,
      "h": 912,
      "transform_matrix": [
        [
          0.008260810846961144,
          -0.9999539656058197,
          0.004881154919259853,
          0.36166939215545185
        ],
        [
          0.9988259617699277,
          0.008018286601763812,
          -0.047774524323649294,
          0.8363944215656409
        ],
        [
          0.04773318655327457,
          0.005270080565518947,
          0.9988462189708199,
          0.11206412094597305
        ],
        [
          0.0,
          0.0,
          0.0,
          1.0
        ]
      ]
    },
    {
      "file_path": "1.JPG",
      "fl_x": 929.1975923287254,
      "fl_y": 929.1975923287254,
      "cx": 608.0,
      "cy": 456.0,
      "w": 1216,
      "h": 912,
      "transform_matrix": [
        [
          0.007542549213217958,
          -0.9999192920408161,
          -0.010223470837206894,
          5.237122493666557
        ],
        [
          0.9989159789496606,
          0.008003830057585612,
          -0.045856359465733326,
          1.0081315912963653
        ],
        [
          0.04593448541572493,
          -0.009866514531602524,
          0.9988957277617071,
          2.960345617838644
        ],
        [
          0.0,
          0.0,
          0.0,
          1.0
        ]
      ]
    },
    {
      "file_path": "13.JPG",
      "fl_x": 929.1975923287254,
      "fl_y": 929.1975923287254,
      "cx": 608.0,
      "cy": 456.0,
      "w": 1216,
      "h": 912,
      "transform_matrix": [
        [
          0.007793507656898264,
          -0.9999678168643504,
          -0.0019043303145270753,
          0.7956245354043591
        ],
        [
          0.998819477200479,
          0.007875841982598433,
          -0.04793352770271121,
          0.8579339192772298
        ],
        [
          0.047946983256126875,
          -0.0015285118939997327,
          0.9988487124925508,
          0.35517215366606575
        ],
        [
          0.0,
          0.0,
          0.0,
          1.0
        ]
      ]
    },
    {
      "file_path": "15.JPG",
      "fl_x": 929.1975923287254,
      "fl_y": 929.1975923287254,
      "cx": 608.0,
      "cy": 456.0,
      "w": 1216,
      "h": 912,
      "transform_matrix": [
        [
          0.008692302026592102,
          -0.9999096019373982,
          0.010258257106949291,
          -0.041327361128560273
        ],
        [
          0.9988289116648338,
          0.008193718827468532,
          -0.04768299690896124,
          0.8415262798163946
        ],
        [
          0.04759463318402741,
          0.010660718792377955,
          0.9988098417451181,
          -0.12373464520559573
        ],
        [
          0.0,
          0.0,
          0.0,
          1.0
        ]
      ]
    },
    {
      "file_path": "16.JPG",
      "fl_x": 929.1975923287254,
      "fl_y": 929.1975923287254,
      "cx": 608.0,
      "cy": 456.0,
      "w": 1216,
      "h": 912,
      "transform_matrix": [
        [
          0.008475808782483626,
          -0.999881594592601,
          0.01284357662180866,
          -0.44164623223838234
        ],
        [
          0.9988528579766334,
          0.00786034504410889,
          -0.04723540078901658,
          0.8138145439763766
        ],
        [
          0.04712885291829465,
          0.013229201440187138,
          0.9988012111786112,
          -0.36075001450935906
        ],
        [
          0.0,
          0.0,
          0.0,
          1.0
        ]
      ]
    },
    {
      "file_path": "17.JPG",
      "fl_x": 929.1975923287254,
      "fl_y": 929.1975923287254,
      "cx": 608.0,
      "cy": 456.0,
      "w": 1216,
      "h": 912,
      "transform_matrix": [
        [
          0.008151263052913152,
          -0.9998862267099177,
          0.012692145068716491,
          -0.8234356515561887
        ],
        [
          0.9988683762149159,
          0.007546905528188346,
          -0.04695754694110234,
          0.8037138209284331
        ],
        [
          0.04685641800670898,
          0.013060545652909435,
          0.9988162484855906,
          -0.5801298485774793
        ],
        [
          0.0,
          0.0,
          0.0,
          1.0
        ]
      ]
    },
    {
      "file_path": "18.JPG",
      "fl_x": 929.1975923287254,
      "fl_y": 929.1975923287254,
      "cx": 608.0,
      "cy": 456.0,
      "w": 1216,
      "h": 912,
      "transform_matrix": [
        [
          0.007506450054634894,
          -0.9998996988887876,
          0.012010219385555448,
          -1.205569048539752
        ],
        [
          0.998859077864661,
          0.006931105757130466,
          -0.04724936338558024,
          0.7924620242723144
        ],
        [
          0.04716138012120096,
          0.012351191646775343,
          0.9988109191883957,
          -0.8051342544007729
        ],
        [
          0.0,
          0.0,
          0.0,
          1.0
        ]
      ]
    },
    {
      "file_path": "19.JPG",
      "fl_x": 929.1975923287254,
      "fl_y": 929.1975923287254,
      "cx": 608.0,
      "cy": 456.0,
      "w": 1216,
      "h": 912,
      "transform_matrix": [
        [
          0.007813127181986035,
          -0.9998975208918902,
          0.011995947561152824,
          -1.5982312637089722
        ],
        [
          0.9988486847094822,
          0.007235988945272196,
          -0.04742304838494915,
          0.7733204355277656
        ],
        [
          0.04733138596930625,
          0.012352658751690504,
          0.9988028592890534,
          -1.0366653884478247
        ],
        [
          0.0,
          0.0,
          0.0,
          1.0
        ]
      ]
    },
    {
      "file_path": "2.JPG",
      "fl_x": 929.1975923287254,
      "fl_y": 929.1975923287254,
      "cx": 608.0,
      "cy": 456.0,
      "w": 1216,
      "h": 912,
      "transform_matrix": [
        [
          0.00771011350082709,
          -0.9998998160124412,
          -0.011870639750698086,
          4.910265954066482
        ],
        [
          0.9988547806980206,
          0.008261528977849363,
          -0.047126152141432766,
          1.0110270358926017
        ],
        [
          0.04721950048987893,
          -0.011493697283061047,
          0.9988184087692075,
          2.772735606983954
        ],
        [
          0.0,
          0.0,
          0.0,
          1.0
        ]
      ]
    },
    {
      "file_path": "20.JPG",
      "fl_x": 929.1975923287254,
      "fl_y": 929.1975923287254,
      "cx": 608.0,
      "cy": 456.0,
      "w": 1216,
      "h": 912,
      "transform_matrix": [
        [
          0.007595570605468974,
          -0.9999000765363087,
          0.011922426341195145,
          -1.9944124401309093
        ],
        [
          0.9988229283737705,
          0.007015110973922382,
          -0.047995270317703065,
          0.7586014945077142
        ],
        [
          0.047906837320190215,
          0.012272944255859794,
          0.9987764062978607,
          -1.2690876321560514
        ],
        [
          0.0,
          0.0,
          0.0,
          1.0
        ]
      ]
    },
    {
      "file_path": "21.JPG",
      "fl_x": 929.1975923287254,
      "fl_y": 929.1975923287254,
      "cx": 608.0,
      "cy": 456.0,
      "w": 1216,
      "h": 912,
      "transform_matrix": [
        [
          0.007142408056479136,
          -0.999921709239891,
          0.01027430766181335,
          -2.396672944173615
        ],
        [
          0.9988159455028616,
          0.006639314613768534,
          -0.04819363558276499,
          0.7262980529595765
        ],
        [
          0.04812164810539737,
          0.010606360932678754,
          0.9987851681374659,
          -1.5141039289827345
        ],
        [
          0.0,
          0.0,
          0.0,
          1.0
        ]
      ]
    },
    {
      "file_path": "23.JPG",
      "fl_x": 929.1975923287254,
      "fl_y": 929.1975923287254,
      "cx": 608.0,
      "cy": 456.0,
      "w": 1216,
      "h": 912,
      "transform_matrix": [
        [
          0.007035693064723188,
          -0.9999360610978089,
          0.00885283792340292,
          -3.196966853146277
        ],
        [
          0.9988155682006614,
          0.006601015598431604,
          -0.048206714398088484,
          0.7167285558658167
        ],
        [
          0.04814519439246886,
          0.009181519986815774,
          0.9987981477494055,
          -1.9716033306347158
        ],
        [
          0.0,
          0.0,
          0.0,
          1.0
        ]
      ]
    },
    {
      "file_path": "22.JPG",
      "fl_x": 929.1975923287254,
      "fl_y": 929.1975923287254,
      "cx": 608.0,
      "cy": 456.0,
      "w": 1216,
      "h": 912,
      "transform_matrix": [
        [
          0.006780552527937142,
          -0.9999350487727359,
          0.009160913889036485,
          -2.805676445524421
        ],
        [
          0.998813413125453,
          0.00633055968626378,
          -0.04828757370941214,
          0.7206978164922394
        ],
        [
          0.04822644366008285,
          0.009477460098840202,
          0.9987914636609465,
          -1.7472008330714444
        ],
        [
          0.0,
          0.0,
          0.0,
          1.0
        ]
      ]
    },
    {
      "file_path": "24.JPG",
      "fl_x": 929.1975923287254,
      "fl_y": 929.1975923287254,
      "cx": 608.0,
      "cy": 456.0,
      "w": 1216,
      "h": 912,
      "transform_matrix": [
        [
          0.007270676417006752,
          -0.9999312382885273,
          0.009200867307597333,
          -3.587200627721559
        ],
        [
          0.9988164061678892,
          0.00681943592612117,
          -0.04815892506599019,
          0.7106681287546516
        ],
        [
          0.04809286885081106,
          0.00954012517854768,
          0.9987973077543194,
          -2.2008935316530756
        ],
        [
          0.0,
          0.0,
          0.0,
          1.0
        ]
      ]
    },
    {
      "file_path": "25.JPG",
      "fl_x": 929.1975923287254,
      "fl_y": 929.1975923287254,
      "cx": 608.0,
      "cy": 456.0,
      "w": 1216,
      "h": 912,
      "transform_matrix": [
        [
          0.007482978926966034,
          -0.9999231398828267,
          0.009885309972263407,
          -3.8108682713559454
        ],
        [
          0.9988397640894499,
          0.007003846954933259,
          -0.04764527050572596,
          0.7076426135640173
        ],
        [
          0.04757237328650432,
          0.010230369235810612,
          0.9988154027873162,
          -2.328375478610026
        ],
        [
          0.0,
          0.0,
          0.0,
          1.0
        ]
      ]
    },
    {
      "file_path": "26.JPG",
      "fl_x": 929.1975923287254,
      "fl_y": 929.1975923287254,
      "cx": 608.0,
      "cy": 456.0,
      "w": 1216,
      "h": 912,
      "transform_matrix": [
        [
          0.006995998963687383,
          -0.999922647726822,
          0.010283703685039605,
          -3.834100910589446
        ],
        [
          0.9988029805297568,
          0.006489553406589181,
          -0.048481870647253726,
          0.477393647620313
        ],
        [
          0.04841138382006963,
          0.010610573008308215,
          0.9987711217576635,
          -2.356785703976657
        ],
        [
          0.0,
          0.0,
          0.0,
          1.0
        ]
      ]
    },
    {
      "file_path": "27.JPG",
      "fl_x": 929.1975923287254,
      "fl_y": 929.1975923287254,
      "cx": 608.0,
      "cy": 456.0,
      "w": 1216,
      "h": 912,
      "transform_matrix": [
        [
          0.007315100095568857,
          -0.9999189715757989,
          0.010418233698115386,
          -3.92208231851422
        ],
        [
          0.9987922271519166,
          0.006799859140976694,
          -0.04866054763951128,
          -0.010590010821585037
        ],
        [
          0.048585762230370325,
          0.010761607615018034,
          0.9987610382418981,
          -2.427427443352286
        ],
        [
          0.0,
          0.0,
          0.0,
          1.0
        ]
      ]
    },
    {
      "file_path": "28.JPG",
      "fl_x": 929.1975923287254,
      "fl_y": 929.1975923287254,
      "cx": 608.0,
      "cy": 456.0,
      "w": 1216,
      "h": 912,
      "transform_matrix": [
        [
          0.007365780289052243,
          -0.9999295919005591,
          0.009303575781086594,
          -4.039207590182135
        ],
        [
          0.9987809552297559,
          0.006902556475786899,
          -0.048876969877794635,
          -0.460957821609261
        ],
        [
          0.048809310085983396,
          0.009652251327000554,
          0.998761475675374,
          -2.5211776092506786
        ],
        [
          0.0,
          0.0,
          0.0,
          1.0
        ]
      ]
    },
    {
      "file_path": "29.JPG",
      "fl_x": 929.1975923287254,
      "fl_y": 929.1975923287254,
      "cx": 608.0,
      "cy": 456.0,
      "w": 1216,
      "h": 912,
      "transform_matrix": [
        [
          0.007925558260371989,
          -0.9999302940876984,
          0.008751713657919165,
          -4.155460211845472
        ],
        [
          0.9987687985542696,
          0.0074871463648558826,
          -0.04903906273341826,
          -0.8792614858487023
        ],
        [
          0.048970119059711874,
          0.009129600484138661,
          0.9987585182787067,
          -2.6095757870763956
        ],
        [
          0.0,
          0.0,
          0.0,
          1.0
        ]
      ]
    },
    {
      "file_path": "3.JPG",
      "fl_x": 929.1975923287254,
      "fl_y": 929.1975923287254,
      "cx": 608.0,
      "cy": 456.0,
      "w": 1216,
      "h": 912,
      "transform_matrix": [
        [
          0.008272820555611236,
          -0.9999120843398162,
          -0.010362626658304902,
          4.474547523984713
        ],
        [
          0.9988239616762018,
          0.008758017507341944,
          -0.04768637867146581,
          1.0021106247406053
        ],
        [
          0.04777294235769861,
          -0.00995593895852356,
          0.9988086029154645,
          2.5166802399726538
        ],
        [
          0.0,
          0.0,
          0.0,
          1.0
        ]
      ]
    },
    {
      "file_path": "30.JPG",
      "fl_x": 929.1975923287254,
      "fl_y": 929.1975923287254,
      "cx": 608.0,
      "cy": 456.0,
      "w": 1216,
      "h": 912,
      "transform_matrix": [
        [
          0.007694911552269271,
          -0.9999361714680376,
          0.008272927296065937,
          -4.273393034535633
        ],
        [
          0.9987706551069888,
          0.00728027507427795,
          -0.049032398391260446,
          -1.3248257581500704
        ],
        [
          0.048969039538867665,
          0.008640056983960646,
          0.998762926115079,
          -2.7014930750332686
        ],
        [
          0.0,
          0.0,
          0.0,
          1.0
        ]
      ]
    },
    {
      "file_path": "31.JPG",
      "fl_x": 929.1975923287254,
      "fl_y": 929.1975923287254,
      "cx": 608.0,
      "cy": 456.0,
      "w": 1216,
      "h": 912,
      "transform_matrix": [
        [
          0.007978365533456726,
          -0.9999347986473421,
          0.008169708532972568,
          -4.3453496073836435
        ],
        [
          0.998822505893227,
          0.0075779855501156325,
          -0.0479184291914535,
          -1.6109718133321653
        ],
        [
          0.04785339491184146,
          0.008542399493199421,
          0.9988178412535039,
          -2.7581812542508835
        ],
        [
          0.0,
          0.0,
          0.0,
          1.0
        ]
      ]
    },
    {
      "file_path": "33.JPG",
      "fl_x": 929.1975923287254,
      "fl_y": 929.1975923287254,
      "cx": 608.0,
      "cy": 456.0,
      "w": 1216,
      "h": 912,
      "transform_matrix": [
        [
          0.0070346163932794884,
          -0.9999278180725609,
          0.009740267801607052,
          -3.6797952515668313
        ],
        [
          0.998880111774291,
          0.006570837095249247,
          -0.04685452381197934,
          -1.5086536859240856
        ],
        [
          0.04678714004915289,
          0.010058963391687832,
          0.9988542340008905,
          -2.3664175056926866
        ],
        [
          0.0,
          0.0,
          0.0,
          1.0
        ]
      ]
    },
    {
      "file_path": "35.JPG",
      "fl_x": 929.1975923287254,
      "fl_y": 929.1975923287254,
      "cx": 608.0,
      "cy": 456.0,
      "w": 1216,
      "h": 912,
      "transform_matrix": [
        [
          0.007577117787975188,
          -0.9999330511150434,
          0.008745317249079516,
          -2.908422465801386
        ],
        [
          0.9988678153250824,
          0.007157722897711276,
          -0.04703035733031189,
          -1.4855274662854474
        ],
        [
          0.04696461214280803,
          0.009091770492015152,
          0.998855177148117,
          -1.9195238224565252
        ],
        [
          0.0,
          0.0,
          0.0,
          1.0
        ]
      ]
    },
    {
      "file_path": "37.JPG",
      "fl_x": 929.1975923287254,
      "fl_y": 929.1975923287254,
      "cx": 608.0,
      "cy": 456.0,
      "w": 1216,
      "h": 912,
      "transform_matrix": [
        [
          0.007128503634257672,
          -0.99994365527451,
          0.0078657938053456,
          -2.1151537400654803
        ],
        [
          0.9988557214394618,
          0.0067483076509640685,
          -0.04734667983607982,
          -1.4529796384549194
        ],
        [
          0.047290931303884065,
          0.00819430412541406,
          0.9988475465236483,
          -1.4509334714047855
        ],
        [
          0.0,
          0.0,
          0.0,
          1.0
        ]
      ]
    },
    {
      "file_path": "39.JPG",
      "fl_x": 929.1975923287254,
      "fl_y": 929.1975923287254,
      "cx": 608.0,
      "cy": 456.0,
      "w": 1216,
      "h": 912,
      "transform_matrix": [
        [
          0.006949017145812616,
          -0.9999406615313293,
          0.00838955165635416,
          -1.3106003422979138
        ],
        [
          0.9988384188923659,
          0.006540822992779708,
          -0.047739193323471714,
          -1.4047438857786931
        ],
        [
          0.04768148598047133,
          0.008711546984580685,
          0.9988246016412639,
          -0.9779333754248873
        ],
        [
          0.0,
          0.0,
          0.0,
          1.0
        ]
      ]
    },
    {
      "file_path": "4.JPG",
      "fl_x": 929.1975923287254,
      "fl_y": 929.1975923287254,
      "cx": 608.0,
      "cy": 456.0,
      "w": 1216,
      "h": 912,
      "transform_matrix": [
        [
          0.009178162982426593,
          -0.9999180232083331,
          -0.008927944187077137,
          4.0744814328889145
        ],
        [
          0.9988037699744299,
          0.009596041398672955,
          -0.04794731561142251,
          0.9850934152058324
        ],
        [
          0.04802905796634388,
          -0.008477196034922457,
          0.9988099652778055,
          2.279599001788075
        ],
        [
          0.0,
          0.0,
          0.0,
          1.0
        ]
      ]
    },
    {
      "file_path": "41.JPG",
      "fl_x": 929.1975923287254,
      "fl_y": 929.1975923287254,
      "cx": 608.0,
      "cy": 456.0,
      "w": 1216,
      "h": 912,
      "transform_matrix": [
        [
          0.00748226960390854,
          -0.9999242166738392,
          0.009776326037083382,
          -0.5266196173386556
        ],
        [
          0.998802272422115,
          0.00700041636254262,
          -0.04842535260759858,
          -1.3914227059164308
        ],
        [
          0.048353244420551916,
          0.010126948205652759,
          0.998778958866298,
          -0.5215618167159825
        ],
        [
          0.0,
          0.0,
          0.0,
          1.0
        ]
      ]
    },
    {
      "file_path": "43.JPG",
      "fl_x": 929.1975923287254,
      "fl_y": 929.1975923287254,
      "cx": 608.0,
      "cy": 456.0,
      "w": 1216,
      "h": 912,
      "transform_matrix": [
        [
          0.007971714370977882,
          -0.9999209098380595,
          0.0097275813342689,
          0.26736557920696824
        ],
        [
          0.9987523428092665,
          0.007482072093122232,
          -0.04937384257068435,
          -1.36034068369689
        ],
        [
          0.0492971551206451,
          0.010109038817839882,
          0.9987329962663647,
          -0.054191394672122466
        ],
        [
          0.0,
          0.0,
          0.0,
          1.0
        ]
      ]
    },
    {
      "file_path": "45.JPG",
      "fl_x": 929.1975923287254,
      "fl_y": 929.1975923287254,
      "cx": 608.0,
      "cy": 456.0,
      "w": 1216,
      "h": 912,
      "transform_matrix": [
        [
          0.006961885101041862,
          -0.9999345263211235,
          0.00908158723959739,
          0.7203724487705263
        ],
        [
          0.9987684048790741,
          0.006507043578723955,
          -0.049186703479438446,
          -1.3374236555828094
        ],
        [
          0.049124388761077796,
          0.009412834579185708,
          0.9987483131270036,
          0.21089153771284694
        ],
        [
          0.0,
          0.0,
          0.0,
          1.0
        ]
      ]
    },
    {
      "file_path": "47.JPG",
      "fl_x": 929.1975923287254,
      "fl_y": 929.1975923287254,
      "cx": 608.0,
      "cy": 456.0,
      "w": 1216,
      "h": 912,
      "transform_matrix": [
        [
          0.007010740801688661,
          -0.9999406264936717,
          0.008342241956149809,
          1.5105453248239764
        ],
        [
          0.9987497430243465,
          0.006588980610898499,
          -0.04955336661934241,
          -1.3051085734155858
        ],
        [
          0.04949545759171535,
          0.008679217819170802,
          0.9987366373853691,
          0.6743970400548921
        ],
        [
          0.0,
          0.0,
          0.0,
          1.0
        ]
      ]
    },
    {
      "file_path": "49.JPG",
      "fl_x": 929.1975923287254,
      "fl_y": 929.1975923287254,
      "cx": 608.0,
      "cy": 456.0,
      "w": 1216,
      "h": 912,
      "transform_matrix": [
        [
          0.00762029652949174,
          -0.9999328226701072,
          0.008733912513573612,
          2.3049007444290717
        ],
        [
          0.9987360113352682,
          0.007176650950312779,
          -0.049748118992140475,
          -1.2874419347367703
        ],
        [
          0.049682096804798896,
          0.009101968365662247,
          0.998723607125089,
          1.142416007062668
        ],
        [
          0.0,
          0.0,
          0.0,
          1.0
        ]
      ]
    },
    {
      "file_path": "5.JPG",
      "fl_x": 929.1975923287254,
      "fl_y": 929.1975923287254,
      "cx": 608.0,
      "cy": 456.0,
      "w": 1216,
      "h": 912,
      "transform_matrix": [
        [
          0.009769522800338973,
          -0.9999311395174203,
          -0.006501741893315614,
          3.686605220385725
        ],
        [
          0.9987850846486452,
          0.010071978600137903,
          -0.04823805479574263,
          0.9670523794931442
        ],
        [
          0.04830021850522377,
          -0.00602258005110787,
          0.9988147062503014,
          2.058179761016133
        ],
        [
          0.0,
          0.0,
          0.0,
          1.0
        ]
      ]
    },
    {
      "file_path": "51.JPG",
      "fl_x": 929.1975923287254,
      "fl_y": 929.1975923287254,
      "cx": 608.0,
      "cy": 456.0,
      "w": 1216,
      "h": 912,
      "transform_matrix": [
        [
          0.007480811371441244,
          -0.9999385209147297,
          0.008184855043768388,
          3.1209600403132156
        ],
        [
          0.9987223787858597,
          0.007062139453365085,
          -0.05003734903704631,
          -1.266787907171855
        ],
        [
          0.0499764701988735,
          0.008548717869002917,
          0.9987138087807023,
          1.6113453803310287
        ],
        [
          0.0,
          0.0,
          0.0,
          1.0
        ]
      ]
    },
    {
      "file_path": "53.JPG",
      "fl_x": 929.1975923287254,
      "fl_y": 929.1975923287254,
      "cx": 608.0,
      "cy": 456.0,
      "w": 1216,
      "h": 912,
      "transform_matrix": [
        [
          0.007013408395091402,
          -0.999935466035197,
          0.008937330007177217,
          3.9039998718143414
        ],
        [
          0.9987183846760355,
          0.006556316994435873,
          -0.050185683392368986,
          -1.2371003702989325
        ],
        [
          0.050123848742632385,
          0.00927784848130213,
          0.9986999155476003,
          2.073554299960261
        ],
        [
          0.0,
          0.0,
          0.0,
          1.0
        ]
      ]
    },
    {
      "file_path": "55.JPG",
      "fl_x": 929.1975923287254,
      "fl_y": 929.1975923287254,
      "cx": 608.0,
      "cy": 456.0,
      "w": 1216,
      "h": 912,
      "transform_matrix": [
        [
          0.007278683555798719,
          -0.9999277490699947,
          0.00956647299208972,
          4.691999509340889
        ],
        [
          0.998716817375502,
          0.006789732787257577,
          -0.05018583684692076,
          -1.2211496730243883
        ],
        [
          0.050117257078202665,
          0.00991948428556022,
          0.9986940794730217,
          2.529740304454839
        ],
        [
          0.0,
          0.0,
          0.0,
          1.0
        ]
      ]
    },
    {
      "file_path": "57.JPG",
      "fl_x": 929.1975923287254,
      "fl_y": 929.1975923287254,
      "cx": 608.0,
      "cy": 456.0,
      "w": 1216,
      "h": 912,
      "transform_matrix": [
        [
          0.007465980601440394,
          -0.9999314812210648,
          0.009016207445853111,
          5.473162926357138
        ],
        [
          0.9987102693938273,
          0.007003436270630795,
          -0.050286675051268714,
          -1.1847052082303602
        ],
        [
          0.05022008503544766,
          0.009380018307602302,
          0.9986941265049982,
          2.987385769564317
        ],
        [
          0.0,
          0.0,
          0.0,
          1.0
        ]
      ]
    },
    {
      "file_path": "59.JPG",
      "fl_x": 929.1975923287254,
      "fl_y": 929.1975923287254,
      "cx": 608.0,
      "cy": 456.0,
      "w": 1216,
      "h": 912,
      "transform_matrix": [
        [
          0.00786712499751064,
          -0.9999312153880978,
          0.008699013550704897,
          6.27157482988428
        ],
        [
          0.9986677019292362,
          0.00741291834792765,
          -0.051067306223701106,
          -1.156599845277795
        ],
        [
          0.050999308501702735,
          0.009089176753081756,
          0.998657327314179,
          3.458022846068695
        ],
        [
          0.0,
          0.0,
          0.0,
          1.0
        ]
      ]
    },
    {
      "file_path": "6.JPG",
      "fl_x": 929.1975923287254,
      "fl_y": 929.1975923287254,
      "cx": 608.0,
      "cy": 456.0,
      "w": 1216,
      "h": 912,
      "transform_matrix": [
        [
          0.009603756729464076,
          -0.9999398202757993,
          -0.005303176735086902,
          3.3345289162829164
        ],
        [
          0.9987575922368054,
          0.009851472450048703,
          -0.04884895536144771,
          0.9456277688295501
        ],
        [
          0.04889825974429002,
          -0.0048274545433618435,
          0.9987920984251987,
          1.8486623157626858
        ],
        [
          0.0,
          0.0,
          0.0,
          1.0
        ]
      ]
    },
    {
      "file_path": "7.JPG",
      "fl_x": 929.1975923287254,
      "fl_y": 929.1975923287254,
      "cx": 608.0,
      "cy": 456.0,
      "w": 1216,
      "h": 912,
      "transform_matrix": [
        [
          0.008938120552323804,
          -0.9999425612955402,
          -0.0059147367403076506,
          2.941103909782537
        ],
        [
          0.9987607951681007,
          0.00921684758375025,
          -0.04890729757205119,
          0.9135657179294734
        ],
        [
          0.048959003627273436,
          -0.00547026784837228,
          0.9987858089367768,
          1.6180638258924813
        ],
        [
          0.0,
          0.0,
          0.0,
          1.0
        ]
      ]
    },
    {
      "file_path": "8.JPG",
      "fl_x": 929.1975923287254,
      "fl_y": 929.1975923287254,
      "cx": 608.0,
      "cy": 456.0,
      "w": 1216,
      "h": 912,
      "transform_matrix": [
        [
          0.008323049755348056,
          -0.9999474593144572,
          -0.005983765815233099,
          2.535169131280395
        ],
        [
          0.9987995028133666,
          0.008602071248255032,
          -0.04822403498268798,
          0.8892957242160975
        ],
        [
          0.048272974038705875,
          -0.005575211278641882,
          0.9988186206697673,
          1.379952547492541
        ],
        [
          0.0,
          0.0,
          0.0,
          1.0
        ]
      ]
    },
    {
      "file_path": "9.JPG",
      "fl_x": 929.1975923287254,
      "fl_y": 929.1975923287254,
      "cx": 608.0,
      "cy": 456.0,
      "w": 1216,
      "h": 912,
      "transform_matrix": [
        [
          0.00801182552329359,
          -0.9999465598138286,
          -0.006533618314042198,
          2.128982294567627
        ],
        [
          0.9988388433726063,
          0.008313011506903905,
          -0.047453754432713435,
          0.890328288271717
        ],
        [
          0.04750553253946836,
          -0.006145840558895867,
          0.9988520676366276,
          1.1412835129831005
        ],
        [
          0.0,
          0.0,
          0.0,
          1.0
        ]
      ]
    }
  ]
}