{
  "camera_model": "OPENCV",
  "k1": 0,
  "k2": 0,
  "p1": 0,
  "p2": 0,
  "frames": [
    {
      "file_path": "13.JPG",
      "fl_x": 910.3501642963479,
      "fl_y": 920.9652080188803,
      "cx": 608.0,
      "cy": 456.0,
      "w": 1216,
      "h": 912,
      "transform_matrix": [
        [
          0.0012433455433212269,
          -0.999935060447091,
          -0.011328238191898174,
          0.5229438064572698
        ],
        [
          0.9999982272557606,
          0.0012592833983764685,
          -0.0013998895167437783,
          1.5332616981469822
        ],
        [
          0.0014140640708323507,
          -0.011326477563437387,
          0.9999348535423739,
          0.1838383641019718
        ],
        [
          0.0,
          0.0,
          0.0,
          1.0
        ]
      ]
    },
    {
      "file_path": "15.JPG",
      "fl_x": 910.3501642963479,
      "fl_y": 920.9652080188803,
      "cx": 608.0,
      "cy": 456.0,
      "w": 1216,
      "h": 912,
      "transform_matrix": [
        [
          0.0021953917452794077,
          -0.9999971196722907,
          0.0009700011379430672,
          -0.24204079804665551
        ],
        [
          0.9999970566972533,
          0.002194387636680045,
          -0.001035016777869666,
          1.4920957963831765
        ],
        [
          0.001032885238177493,
          0.0009722705502264144,
          0.9999989939185249,
          -0.26135572855789724
        ],
        [
          0.0,
          0.0,
          0.0,
          1.0
        ]
      ]
    },
    {
      "file_path": "1.JPG",
      "fl_x": 910.3501642963479,
      "fl_y": 920.9652080188803,
      "cx": 608.0,
      "cy": 456.0,
      "w": 1216,
      "h": 912,
      "transform_matrix": [
        [
          0.0008835887227279443,
          -0.9998065386268112,
          -0.019649544270631814,
          4.587017253880239
        ],
        [
          0.9999994316685223,
          0.0008716950091977707,
          0.0006138488764036073,
          1.8146348996157569
        ],
        [
          -0.0005966017106833276,
          -0.01965007549312193,
          0.9998067406251637,
          2.600033195626168
        ],
        [
          0.0,
          0.0,
          0.0,
          1.0
        ]
      ]
    },
    {
      "file_path": "17.JPG",
      "fl_x": 910.3501642963479,
      "fl_y": 920.9652080188803,
      "cx": 608.0,
      "cy": 456.0,
      "w": 1216,
      "h": 912,
      "transform_matrix": [
        [
          0.0016013952773473,
          -0.9999929875888378,
          0.0033853074182761326,
          -0.957504048173992
        ],
        [
          0.9999986606399004,
          0.0016002417348216218,
          -0.0003434309178147147,
          1.431541990139318
        ],
        [
          0.00033801119931998645,
          0.003385852852780335,
          0.9999942108576872,
          -0.6843576067131579
        ],
        [
          0.0,
          0.0,
          0.0,
          1.0
        ]
      ]
    },
    {
      "file_path": "11.JPG",
      "fl_x": 910.3501642963479,
      "fl_y": 920.9652080188803,
      "cx": 608.0,
      "cy": 456.0,
      "w": 1216,
      "h": 912,
      "transform_matrix": [
        [
          0.0009178753802039745,
          -0.9998717802574643,
          -0.015986886799991353,
          1.01222732881611
        ],
        [
          0.9999994033772073,
          0.0009272260221973933,
          -0.000577492106653165,
          1.5744691744172932
        ],
        [
          0.0005922415182188093,
          -0.01598634719606334,
          0.9998720347891079,
          0.47632346943988846
        ],
        [
          0.0,
          0.0,
          0.0,
          1.0
        ]
      ]
    },
    {
      "file_path": "19.JPG",
      "fl_x": 910.3501642963479,
      "fl_y": 920.9652080188803,
      "cx": 608.0,
      "cy": 456.0,
      "w": 1216,
      "h": 912,
      "transform_matrix": [
        [
          0.0012442481743542985,
          -0.999995577583576,
          0.0027012330093219117,
          -1.6660106067676377
        ],
        [
          0.9999989098133898,
          0.0012420954292944608,
          -0.0007984804172468326,
          1.3786306313307497
        ],
        [
          0.0007951216968595831,
          0.002702223572275271,
          0.9999960328767572,
          -1.1072036337074767
        ],
        [
          0.0,
          0.0,
          0.0,
          1.0
        ]
      ]
    },
    {
      "file_path": "21.JPG",
      "fl_x": 910.3501642963479,
      "fl_y": 920.9652080188803,
      "cx": 608.0,
      "cy": 456.0,
      "w": 1216,
      "h": 912,
      "transform_matrix": [
        [
          0.0005722385052638907,
          -0.9999992573811912,
          0.0010760019327738395,
          -2.3953475858929822
        ],
        [
          0.9999985652346846,
          0.0005705218820155129,
          -0.0015950026188843417,
          1.308888659893058
        ],
        [
          0.001594387551757658,
          0.0010769131108781093,
          0.9999981490915303,
          -1.5492198395577192
        ],
        [
          0.0,
          0.0,
          0.0,
          1.0
        ]
      ]
    },
    {
      "file_path": "23.JPG",
      "fl_x": 910.3501642963479,
      "fl_y": 920.9652080188803,
      "cx": 608.0,
      "cy": 456.0,
      "w": 1216,
      "h": 912,
      "transform_matrix": [
        [
          0.00041590520032449137,
          -0.9999998298602034,
          -0.0004090261956421487,
          -3.127774828368717
        ],
        [
          0.999998742424984,
          0.00041653065857214346,
          -0.0015302452944776874,
          1.2757452447752775
        ],
        [
          0.0015304154060727085,
          -0.00040838924428527874,
          0.9999987455226683,
          -1.9741606363985091
        ],
        [
          0.0,
          0.0,
          0.0,
          1.0
        ]
      ]
    },
    {
      "file_path": "25.JPG",
      "fl_x": 910.3501642963479,
      "fl_y": 920.9652080188803,
      "cx": 608.0,
      "cy": 456.0,
      "w": 1216,
      "h": 912,
      "transform_matrix": [
        [
          0.0008453952137614275,
          -0.9999995083567365,
          0.0005182597973355597,
          -3.689851948065484
        ],
        [
          0.9999991462563501,
          0.0008448782912047335,
          -0.0009968285930623075,
          1.2476166954784946
        ],
        [
          0.0009963902365262725,
          0.0005191020689960642,
          0.9999993688695701,
          -2.305553612281333
        ],
        [
          0.0,
          0.0,
          0.0,
          1.0
        ]
      ]
    },
    {
      "file_path": "26.JPG",
      "fl_x": 910.3501642963479,
      "fl_y": 920.9652080188803,
      "cx": 608.0,
      "cy": 456.0,
      "w": 1216,
      "h": 912,
      "transform_matrix": [
        [
          0.0004050335428496989,
          -0.9999994705606384,
          0.0009459525740053551,
          -3.7095168388923283
        ],
        [
          0.9999982894337344,
          0.00040332550565811743,
          -0.0018051199797838129,
          1.0311315904328535
        ],
        [
          0.0018047374972820036,
          0.0009466820900314738,
          0.999997923355637,
          -2.3218288014962845
        ],
        [
          0.0,
          0.0,
          0.0,
          1.0
        ]
      ]
    },
    {
      "file_path": "27.JPG",
      "fl_x": 910.3501642963479,
      "fl_y": 920.9652080188803,
      "cx": 608.0,
      "cy": 456.0,
      "w": 1216,
      "h": 912,
      "transform_matrix": [
        [
          0.0007663117324282417,
          -0.999999139181571,
          0.001065083304651385,
          -3.7871347909905975
        ],
        [
          0.9999977474315966,
          0.0007642016034564722,
          -0.00198018373941924,
          0.5710740115648903
        ],
        [
          0.0019793680964713552,
          0.0010665983435102667,
          0.9999974722317614,
          -2.366505937045944
        ],
        [
          0.0,
          0.0,
          0.0,
          1.0
        ]
      ]
    },
    {
      "file_path": "28.JPG",
      "fl_x": 910.3501642963479,
      "fl_y": 920.9652080188803,
      "cx": 608.0,
      "cy": 456.0,
      "w": 1216,
      "h": 912,
      "transform_matrix": [
        [
          0.0008654816154927312,
          -0.9999996241285055,
          -5.1811397641969044e-05,
          -3.8915496730598655
        ],
        [
          0.9999971179754978,
          0.0008655954714787828,
          -0.002239371603365323,
          0.14478185742006836
        ],
        [
          0.002239415609360541,
          -4.9873113367282374e-05,
          0.9999974912620536,
          -2.434368829125412
        ],
        [
          0.0,
          0.0,
          0.0,
          1.0
        ]
      ]
    },
    {
      "file_path": "29.JPG",
      "fl_x": 910.3501642963479,
      "fl_y": 920.9652080188803,
      "cx": 608.0,
      "cy": 456.0,
      "w": 1216,
      "h": 912,
      "transform_matrix": [
        [
          0.0014769149948866546,
          -0.9999987361451144,
          -0.0005885832752414479,
          -3.9953002651729723
        ],
        [
          0.9999958357417655,
          0.0014783695120290186,
          -0.0024784920241985647,
          -0.25150834213655504
        ],
        [
          0.0024793590353137185,
          -0.0005849203021934514,
          0.9999967553182432,
          -2.4984063026516092
        ],
        [
          0.0,
          0.0,
          0.0,
          1.0
        ]
      ]
    },
    {
      "file_path": "3.JPG",
      "fl_x": 910.3501642963479,
      "fl_y": 920.9652080188803,
      "cx": 608.0,
      "cy": 456.0,
      "w": 1216,
      "h": 912,
      "transform_matrix": [
        [
          0.0016188712945890127,
          -0.9998046124390234,
          -0.01970066499856795,
          3.8896038748231843
        ],
        [
          0.9999979889796713,
          0.001641876932804393,
          -0.001151640894903196,
          1.7855898609129117
        ],
        [
          0.0011837619460196755,
          -0.019698761021743717,
          0.9998052597990587,
          2.1875046676810004
        ],
        [
          0.0,
          0.0,
          0.0,
          1.0
        ]
      ]
    },
    {
      "file_path": "30.JPG",
      "fl_x": 910.3501642963479,
      "fl_y": 920.9652080188803,
      "cx": 608.0,
      "cy": 456.0,
      "w": 1216,
      "h": 912,
      "transform_matrix": [
        [
          0.0013061096662210024,
          -0.9999985759794621,
          -0.0010686985485862958,
          -4.100490103898473
        ],
        [
          0.9999961720804643,
          0.0013087118536571915,
          -0.0024378469398921286,
          -0.67270881151244
        ],
        [
          0.0024392420868065384,
          -0.0010655103622412836,
          0.9999964573865798,
          -2.564620787265446
        ],
        [
          0.0,
          0.0,
          0.0,
          1.0
        ]
      ]
    },
    {
      "file_path": "31.JPG",
      "fl_x": 910.3501642963479,
      "fl_y": 920.9652080188803,
      "cx": 608.0,
      "cy": 456.0,
      "w": 1216,
      "h": 912,
      "transform_matrix": [
        [
          0.0016429786735650633,
          -0.9999978523021639,
          -0.0012633337397332713,
          -4.165114203029301
        ],
        [
          0.9999977929462722,
          0.0016446302617010757,
          -0.0013073996659924787,
          -0.9431450775664981
        ],
        [
          0.0013094745749920383,
          -0.0012611829217187803,
          0.9999983473456221,
          -2.6044980086622096
        ],
        [
          0.0,
          0.0,
          0.0,
          1.0
        ]
      ]
    },
    {
      "file_path": "32.JPG",
      "fl_x": 910.3501642963479,
      "fl_y": 920.9652080188803,
      "cx": 608.0,
      "cy": 456.0,
      "w": 1216,
      "h": 912,
      "transform_matrix": [
        [
          0.0015090907577905133,
          -0.9999988323564927,
          0.0002406880476999474,
          -3.999933767223747
        ],
        [
          0.9999988587302034,
          0.0015090733816331696,
          -7.235896233547283e-05,
          -0.8999666476847996
        ],
        [
          7.199566191993899e-05,
          0.00024079696925125198,
          0.9999999684167217,
          -2.5027004206225247
        ],
        [
          0.0,
          0.0,
          0.0,
          1.0
        ]
      ]
    },
    {
      "file_path": "33.JPG",
      "fl_x": 910.3501642963479,
      "fl_y": 920.9652080188803,
      "cx": 608.0,
      "cy": 456.0,
      "w": 1216,
      "h": 912,
      "transform_matrix": [
        [
          0.000686767908211466,
          -0.9999996962713266,
          0.0003685201420106473,
          -3.5566914885702148
        ],
        [
          0.999999722760085,
          0.0006866617725056885,
          -0.0002880544455211266,
          -0.8269366420561444
        ],
        [
          0.00028780130933681486,
          0.000368717866391156,
          0.9999998906087646,
          -2.2449384843175557
        ],
        [
          0.0,
          0.0,
          0.0,
          1.0
        ]
      ]
    },
    {
      "file_path": "34.JPG",
      "fl_x": 910.3501642963479,
      "fl_y": 920.9652080188803,
      "cx": 608.0,
      "cy": 456.0,
      "w": 1216,
      "h": 912,
      "transform_matrix": [
        [
          0.001172344669278665,
          -0.9999992371338875,
          -0.00038902393156170495,
          -3.1893783905276174
        ],
        [
          0.9999990414213954,
          0.0011726308666063381,
          -0.0007362697474421976,
          -0.8058030981790909
        ],
        [
          0.0007367253672369553,
          -0.00038816039673812247,
          0.9999996532835597,
          -2.027231265211168
        ],
        [
          0.0,
          0.0,
          0.0,
          1.0
        ]
      ]
    },
    {
      "file_path": "35.JPG",
      "fl_x": 910.3501642963479,
      "fl_y": 920.9652080188803,
      "cx": 608.0,
      "cy": 456.0,
      "w": 1216,
      "h": 912,
      "transform_matrix": [
        [
          0.001234398653709223,
          -0.9999990781753081,
          -0.0005656045417749694,
          -2.8509636987146743
        ],
        [
          0.9999991129371897,
          0.001234681321985654,
          -0.0004996867686979245,
          -0.7813387776421465
        ],
        [
          0.0005003846494376828,
          -0.000564987227373658,
          0.9999997152022772,
          -1.8304932113769345
        ],
        [
          0.0,
          0.0,
          0.0,
          1.0
        ]
      ]
    },
    {
      "file_path": "36.JPG",
      "fl_x": 910.3501642963479,
      "fl_y": 920.9652080188803,
      "cx": 608.0,
      "cy": 456.0,
      "w": 1216,
      "h": 912,
      "transform_matrix": [
        [
          0.0009967940503931938,
          -0.9999991588344805,
          -0.0008298987603311376,
          -2.4824021850337354
        ],
        [
          0.9999992671902064,
          0.0009973636441005895,
          -0.0006862104718691232,
          -0.742399236395693
        ],
        [
          0.0006870376055043738,
          -0.0008292141416575215,
          0.9999994201914499,
          -1.609458499737615
        ],
        [
          0.0,
          0.0,
          0.0,
          1.0
        ]
      ]
    },
    {
      "file_path": "37.JPG",
      "fl_x": 910.3501642963479,
      "fl_y": 920.9652080188803,
      "cx": 608.0,
      "cy": 456.0,
      "w": 1216,
      "h": 912,
      "transform_matrix": [
        [
          0.0008056505978988912,
          -0.9999986040639622,
          -0.0014638296489049147,
          -2.125801700607479
        ],
        [
          0.9999993614031749,
          0.0008068096266562046,
          -0.0007913605175715789,
          -0.725526845628662
        ],
        [
          0.0007925404447354347,
          -0.0014631911540338132,
          0.9999986154746865,
          -1.3958537174919143
        ],
        [
          0.0,
          0.0,
          0.0,
          1.0
        ]
      ]
    },
    {
      "file_path": "38.JPG",
      "fl_x": 910.3501642963479,
      "fl_y": 920.9652080188803,
      "cx": 608.0,
      "cy": 456.0,
      "w": 1216,
      "h": 912,
      "transform_matrix": [
        [
          0.0004918888499553588,
          -0.999998600338938,
          -0.001599176514470148,
          -1.7478417829355004
        ],
        [
          0.999999657554953,
          0.00049295241844425,
          -0.000664746485373541,
          -0.6772143573879585
        ],
        [
          0.0006655338728840967,
          -0.0015988489854558694,
          0.9999985003721685,
          -1.1716350322838267
        ],
        [
          0.0,
          0.0,
          0.0,
          1.0
        ]
      ]
    },
    {
      "file_path": "39.JPG",
      "fl_x": 910.3501642963479,
      "fl_y": 920.9652080188803,
      "cx": 608.0,
      "cy": 456.0,
      "w": 1216,
      "h": 912,
      "transform_matrix": [
        [
          0.0006547956470017859,
          -0.9999993295853011,
          -0.0009550244022360511,
          -1.3903264203375472
        ],
        [
          0.9999991292185013,
          0.0006558891640312745,
          -0.0011451513627572778,
          -0.654886275814828
        ],
        [
          0.0011457769851877836,
          -0.0009542737304909794,
          0.9999988882777557,
          -0.9581061275737454
        ],
        [
          0.0,
          0.0,
          0.0,
          1.0
        ]
      ]
    },
    {
      "file_path": "40.JPG",
      "fl_x": 910.3501642963479,
      "fl_y": 920.9652080188803,
      "cx": 608.0,
      "cy": 456.0,
      "w": 1216,
      "h": 912,
      "transform_matrix": [
        [
          0.00123061567007407,
          -0.9999991492306571,
          -0.0004325772006374519,
          -1.038068522898515
        ],
        [
          0.9999980401618493,
          0.0012312849553144296,
          -0.0015503579648166188,
          -0.6472223879541065
        ],
        [
          0.0015508892716187487,
          -0.0004306684580504236,
          0.9999987046327343,
          -0.7510297656920485
        ],
        [
          0.0,
          0.0,
          0.0,
          1.0
        ]
      ]
    },
    {
      "file_path": "41.JPG",
      "fl_x": 910.3501642963479,
      "fl_y": 920.9652080188803,
      "cx": 608.0,
      "cy": 456.0,
      "w": 1216,
      "h": 912,
      "transform_matrix": [
        [
          0.0011781500523767611,
          -0.9999991993336776,
          0.0004618381291869653,
          -0.6730958333051424
        ],
        [
          0.9999977065776622,
          0.0011773220347625056,
          -0.0017890646278311243,
          -0.6176033927850761
        ],
        [
          0.001788519463181343,
          0.00046394485658206796,
          0.9999982929751929,
          -0.5342567052842386
        ],
        [
          0.0,
          0.0,
          0.0,
          1.0
        ]
      ]
    },
    {
      "file_path": "42.JPG",
      "fl_x": 910.3501642963479,
      "fl_y": 920.9652080188803,
      "cx": 608.0,
      "cy": 456.0,
      "w": 1216,
      "h": 912,
      "transform_matrix": [
        [
          0.001238756605565721,
          -0.9999991590317536,
          0.00038395033221205245,
          -0.31041659467955085
        ],
        [
          0.9999969373839172,
          0.001237931020302749,
          -0.0021430701283887354,
          -0.5785742925329851
        ],
        [
          0.0021425930221083073,
          0.0003866038985973221,
          0.999997629913475,
          -0.31946156881059967
        ],
        [
          0.0,
          0.0,
          0.0,
          1.0
        ]
      ]
    },
    {
      "file_path": "43.JPG",
      "fl_x": 910.3501642963479,
      "fl_y": 920.9652080188803,
      "cx": 608.0,
      "cy": 456.0,
      "w": 1216,
      "h": 912,
      "transform_matrix": [
        [
          0.0016600822285062148,
          -0.9999985144769701,
          0.00046386511833024067,
          0.053356841251997085
        ],
        [
          0.9999952049469645,
          0.0016588637227273727,
          -0.0026150055885707673,
          -0.5624712263616243
        ],
        [
          0.002614232214902705,
          0.0004682040183774276,
          0.999996473281243,
          -0.1011779841949275
        ],
        [
          0.0,
          0.0,
          0.0,
          1.0
        ]
      ]
    },
    {
      "file_path": "44.JPG",
      "fl_x": 910.3501642963479,
      "fl_y": 920.9652080188803,
      "cx": 608.0,
      "cy": 456.0,
      "w": 1216,
      "h": 912,
      "transform_matrix": [
        [
          0.0008214364674391243,
          -0.9999994691234939,
          -0.0006220891096137984,
          0.304646450415721
        ],
        [
          0.9999954273351385,
          0.0008232433719629474,
          -0.002909910507921156,
          -0.5449371642830688
        ],
        [
          0.002910421093854292,
          -0.0006196959584005956,
          0.9999955727031874,
          0.04494956253906733
        ],
        [
          0.0,
          0.0,
          0.0,
          1.0
        ]
      ]
    },
    {
      "file_path": "45.JPG",
      "fl_x": 910.3501642963479,
      "fl_y": 920.9652080188803,
      "cx": 608.0,
      "cy": 456.0,
      "w": 1216,
      "h": 912,
      "transform_matrix": [
        [
          0.0006569072621780395,
          -0.9999997826315654,
          5.665395832254305e-05,
          0.4692645192095873
        ],
        [
          0.9999965317487931,
          0.0006567606295240104,
          -0.0025505207038040542,
          -0.527620367827867
        ],
        [
          0.002550482941312028,
          5.8329217405048056e-05,
          0.9999967458119394,
          0.1444717778123619
        ],
        [
          0.0,
          0.0,
          0.0,
          1.0
        ]
      ]
    },
    {
      "file_path": "46.JPG",
      "fl_x": 910.3501642963479,
      "fl_y": 920.9652080188803,
      "cx": 608.0,
      "cy": 456.0,
      "w": 1216,
      "h": 912,
      "transform_matrix": [
        [
          0.0004502923343032128,
          -0.99999978215981,
          -0.0004826149050382112,
          0.8258371307009025
        ],
        [
          0.999996040235667,
          0.0004516312025372827,
          -0.002777686491181677,
          -0.4997973949130783
        ],
        [
          0.002777903850039848,
          -0.0004813622230628469,
          0.9999960257624078,
          0.3579748124827066
        ],
        [
          0.0,
          0.0,
          0.0,
          1.0
        ]
      ]
    },
    {
      "file_path": "47.JPG",
      "fl_x": 910.3501642963479,
      "fl_y": 920.9652080188803,
      "cx": 608.0,
      "cy": 456.0,
      "w": 1216,
      "h": 912,
      "transform_matrix": [
        [
          0.0007242505727714262,
          -0.9999993750198166,
          -0.0008517165513822262,
          1.1911123334083602
        ],
        [
          0.999995391064725,
          0.0007267584001996374,
          -0.002947824882058775,
          -0.47266301498115215
        ],
        [
          0.0029484420318849455,
          -0.0008495776620165075,
          0.9999952924426099,
          0.5741695879428628
        ],
        [
          0.0,
          0.0,
          0.0,
          1.0
        ]
      ]
    },
    {
      "file_path": "48.JPG",
      "fl_x": 910.3501642963479,
      "fl_y": 920.9652080188803,
      "cx": 608.0,
      "cy": 456.0,
      "w": 1216,
      "h": 912,
      "transform_matrix": [
        [
          0.0007831184164295013,
          -0.999999121423327,
          -0.0010695223793426311,
          1.564059319980964
        ],
        [
          0.9999938760696852,
          0.0007867614976060267,
          -0.0034101069592191897,
          -0.4515479026169414
        ],
        [
          0.003410945422207657,
          -0.0010668453121003506,
          0.9999936136258105,
          0.7946095524414053
        ],
        [
          0.0,
          0.0,
          0.0,
          1.0
        ]
      ]
    },
    {
      "file_path": "49.JPG",
      "fl_x": 910.3501642963479,
      "fl_y": 920.9652080188803,
      "cx": 608.0,
      "cy": 456.0,
      "w": 1216,
      "h": 912,
      "transform_matrix": [
        [
          0.0013079010561285653,
          -0.9999990107013281,
          -0.0005176786576442262,
          1.9176197786440365
        ],
        [
          0.999994236463744,
          0.0013095164129546043,
          -0.0031324441029240003,
          -0.43078039354574804
        ],
        [
          0.003133118912700031,
          -0.0005135787470340361,
          0.9999949598886734,
          1.0088747425749125
        ],
        [
          0.0,
          0.0,
          0.0,
          1.0
        ]
      ]
    },
    {
      "file_path": "5.JPG",
      "fl_x": 910.3501642963479,
      "fl_y": 920.9652080188803,
      "cx": 608.0,
      "cy": 456.0,
      "w": 1216,
      "h": 912,
      "transform_matrix": [
        [
          0.003220001030512276,
          -0.9998708064188547,
          -0.015748081301301384,
          3.1691796387749034
        ],
        [
          0.9999932805135804,
          0.0032471922703100307,
          -0.0017013729888903006,
          1.7276733439386378
        ],
        [
          0.001752290230294802,
          -0.015742497059505436,
          0.9998745437630064,
          1.7627540702510407
        ],
        [
          0.0,
          0.0,
          0.0,
          1.0
        ]
      ]
    },
    {
      "file_path": "50.JPG",
      "fl_x": 910.3501642963479,
      "fl_y": 920.9652080188803,
      "cx": 608.0,
      "cy": 456.0,
      "w": 1216,
      "h": 912,
      "transform_matrix": [
        [
          0.001262877981259029,
          -0.9999986845503578,
          -0.0010178589088738435,
          2.294501603281551
        ],
        [
          0.9999938953338692,
          0.001266186794008964,
          -0.0032566955640999933,
          -0.40790010220333744
        ],
        [
          0.00325798007958956,
          -0.001013739886065471,
          0.9999941789316796,
          1.230534146728895
        ],
        [
          0.0,
          0.0,
          0.0,
          1.0
        ]
      ]
    },
    {
      "file_path": "51.JPG",
      "fl_x": 910.3501642963479,
      "fl_y": 920.9652080188803,
      "cx": 608.0,
      "cy": 456.0,
      "w": 1216,
      "h": 912,
      "transform_matrix": [
        [
          0.0011321576873213122,
          -0.9999988086958459,
          -0.001049202487655569,
          2.664415517583262
        ],
        [
          0.9999934962050242,
          0.0011357432053326773,
          -0.0034231031278532586,
          -0.3860516279906805
        ],
        [
          0.003424290674492655,
          -0.0010453201713370084,
          0.9999935907490188,
          1.4446517672915054
        ],
        [
          0.0,
          0.0,
          0.0,
          1.0
        ]
      ]
    },
    {
      "file_path": "52.JPG",
      "fl_x": 910.3501642963479,
      "fl_y": 920.9652080188803,
      "cx": 608.0,
      "cy": 456.0,
      "w": 1216,
      "h": 912,
      "transform_matrix": [
        [
          0.0004839442223583137,
          -0.9999998362083806,
          -0.00030558337874473897,
          3.0235096608362584
        ],
        [
          0.9999937117451381,
          0.0004850147757346119,
          -0.0035130088029056285,
          -0.35547456674946865
        ],
        [
          0.0035131564399581384,
          -0.00030388135684531175,
          0.9999937826746471,
          1.6596546749760381
        ],
        [
          0.0,
          0.0,
          0.0,
          1.0
        ]
      ]
    },
    {
      "file_path": "53.JPG",
      "fl_x": 910.3501642963479,
      "fl_y": 920.9652080188803,
      "cx": 608.0,
      "cy": 456.0,
      "w": 1216,
      "h": 912,
      "transform_matrix": [
        [
          0.0006006117201841242,
          -0.9999997711039775,
          -0.0003115406134181239,
          3.380902573652137
        ],
        [
          0.9999933950343893,
          0.0006017245723682056,
          -0.003584384903224467,
          -0.3334724319980558
        ],
        [
          0.003584571544415405,
          -0.00030938573212055837,
          0.9999935275427094,
          1.8733020397640927
        ],
        [
          0.0,
          0.0,
          0.0,
          1.0
        ]
      ]
    },
    {
      "file_path": "55.JPG",
      "fl_x": 910.3501642963479,
      "fl_y": 920.9652080188803,
      "cx": 608.0,
      "cy": 456.0,
      "w": 1216,
      "h": 912,
      "transform_matrix": [
        [
          0.0008315770117728985,
          -0.9999995948611369,
          0.0003446117170401288,
          4.102344557612886
        ],
        [
          0.9999934263295285,
          0.0008303555532734641,
          -0.0035295619253435506,
          -0.2934608270536378
        ],
        [
          0.003529274345127878,
          0.0003475445542350049,
          0.9999937116979185,
          2.297150220923723
        ],
        [
          0.0,
          0.0,
          0.0,
          1.0
        ]
      ]
    },
    {
      "file_path": "54.JPG",
      "fl_x": 910.3501642963479,
      "fl_y": 920.9652080188803,
      "cx": 608.0,
      "cy": 456.0,
      "w": 1216,
      "h": 912,
      "transform_matrix": [
        [
          0.0006791652812333999,
          -0.999999756270637,
          0.00016184309545380738,
          3.7528717281537842
        ],
        [
          0.9999934861961696,
          0.0006785872875434941,
          -0.003545008395532309,
          -0.31093375654643046
        ],
        [
          0.0035448977068425194,
          0.00016424968786355878,
          0.9999937033413201,
          2.09244910632332
        ],
        [
          0.0,
          0.0,
          0.0,
          1.0
        ]
      ]
    },
    {
      "file_path": "56.JPG",
      "fl_x": 910.3501642963479,
      "fl_y": 920.9652080188803,
      "cx": 608.0,
      "cy": 456.0,
      "w": 1216,
      "h": 912,
      "transform_matrix": [
        [
          0.0011543860438840905,
          -0.9999993334121895,
          2.3833551771083668e-05,
          4.462111464956063
        ],
        [
          0.9999925106422651,
          0.001154290124512384,
          -0.003694086312951999,
          -0.2680371166804629
        ],
        [
          0.00369405633968565,
          2.8097774957663385e-05,
          0.9999931765558575,
          2.5111612331926563
        ],
        [
          0.0,
          0.0,
          0.0,
          1.0
        ]
      ]
    },
    {
      "file_path": "57.JPG",
      "fl_x": 910.3501642963479,
      "fl_y": 920.9652080188803,
      "cx": 608.0,
      "cy": 456.0,
      "w": 1216,
      "h": 912,
      "transform_matrix": [
        [
          0.0009448689836860696,
          -0.9999995184519734,
          -0.00026517621533270164,
          4.816830491557009
        ],
        [
          0.9999926191126299,
          0.0009458499426803195,
          -0.0037238539375993238,
          -0.23520548507679787
        ],
        [
          0.003724102961292881,
          -0.0002616557040115082,
          0.9999930312724316,
          2.7212660094570635
        ],
        [
          0.0,
          0.0,
          0.0,
          1.0
        ]
      ]
    },
    {
      "file_path": "58.JPG",
      "fl_x": 910.3501642963479,
      "fl_y": 920.9652080188803,
      "cx": 608.0,
      "cy": 456.0,
      "w": 1216,
      "h": 912,
      "transform_matrix": [
        [
          0.0011023145707693618,
          -0.9999992226884824,
          -0.0005826877534047414,
          5.182696356115083
        ],
        [
          0.9999911858895352,
          0.0011046659842015962,
          -0.00405066121819891,
          -0.2089847799692121
        ],
        [
          0.004051301744913889,
          -0.0005782175146484454,
          0.9999916262742792,
          2.942238268016846
        ],
        [
          0.0,
          0.0,
          0.0,
          1.0
        ]
      ]
    },
    {
      "file_path": "59.JPG",
      "fl_x": 910.3501642963479,
      "fl_y": 920.9652080188803,
      "cx": 608.0,
      "cy": 456.0,
      "w": 1216,
      "h": 912,
      "transform_matrix": [
        [
          0.001393019927575391,
          -0.9999989323208979,
          -0.00044142105284480937,
          5.548333356699067
        ],
        [
          0.9999896801051812,
          0.0013949155883711101,
          -0.0043236435605619765,
          -0.1820620549005559
        ],
        [
          0.004324254689405748,
          -0.0004353935757863774,
          0.9999905555823091,
          3.1570340715560024
        ],
        [
          0.0,
          0.0,
          0.0,
          1.0
        ]
      ]
    },
    {
      "file_path": "60.JPG",
      "fl_x": 910.3501642963479,
      "fl_y": 920.9652080188803,
      "cx": 608.0,
      "cy": 456.0,
      "w": 1216,
      "h": 912,
      "transform_matrix": [
        [
          0.0014070749593971693,
          -0.999998953456233,
          -0.0003364914517402231,
          5.918489233465992
        ],
        [
          0.9999891016890009,
          0.0014085588624509174,
          -0.0044511195396224985,
          -0.16885428599660593
        ],
        [
          0.004451588849347576,
          -0.00033022472570624716,
          0.9999900371045437,
          3.3727667033681854
        ],
        [
          0.0,
          0.0,
          0.0,
          1.0
        ]
      ]
    },
    {
      "file_path": "7.JPG",
      "fl_x": 910.3501642963479,
      "fl_y": 920.9652080188803,
      "cx": 608.0,
      "cy": 456.0,
      "w": 1216,
      "h": 912,
      "transform_matrix": [
        [
          0.002377148272923628,
          -0.9998816929686489,
          -0.015197013925007306,
          2.4869096719853077
        ],
        [
          0.9999944107686685,
          0.002412596849147351,
          -0.002314693903542228,
          1.6543598358347034
        ],
        [
          0.0023510843268899346,
          -0.015191426614765776,
          0.999881839498996,
          1.3558684064748168
        ],
        [
          0.0,
          0.0,
          0.0,
          1.0
        ]
      ]
    },
    {
      "file_path": "9.JPG",
      "fl_x": 910.3501642963479,
      "fl_y": 920.9652080188803,
      "cx": 608.0,
      "cy": 456.0,
      "w": 1216,
      "h": 912,
      "transform_matrix": [
        [
          0.0014783036633070627,
          -0.9998747886074787,
          -0.015755053964650066,
          1.7443001006312908
        ],
        [
          0.9999985255943482,
          0.001491885517173565,
          -0.0008503450672241743,
          1.6066143476196175
        ],
        [
          0.0008737433311663329,
          -0.0157537736670815,
          0.9998755198462644,
          0.9135528352008457
        ],
        [
          0.0,
          0.0,
          0.0,
          1.0
        ]
      ]
    }
  ]
}